(array([ 4.025     ,  3.99583333,  3.96666667,  3.99583333,  3.87916667,
        4.16666667,  4.06666667,  3.775     ,  3.875     ,  4.09583333,
        4.0875    ,  4.0125    ,  4.2875    ,  3.74583333,  3.95833333,
        4.07083333,  3.90833333,  4.1875    ,  4.09583333,  4.04166667,
        3.97916667,  4.00833333,  4.06666667,  4.15416667,  3.85416667,
        3.82916667,  4.10833333,  4.00833333,  4.04583333,  4.06666667,
        3.825     ,  4.11666667,  4.0625    ,  4.0375    ,  4.05      ,
        3.9625    ,  3.92083333,  4.0375    ,  4.18333333,  3.76666667,
        4.02083333,  4.19583333,  3.925     ,  4.07916667,  3.85833333,
        3.90833333,  4.22083333,  3.79583333,  4.19583333,  3.86666667,
        4.04166667,  3.95833333,  4.225     ,  4.07916667,  3.925     ,
        3.9375    ,  3.79583333,  4.04166667,  4.25      ,  3.925     ,
        3.9       ,  4.07916667,  3.8625    ,  3.94166667,  4.2125    ,
        4.02083333,  4.0125    ,  3.9375    ,  4.04583333,  4.1125    ,
        4.23333333,  4.        ,  3.97916667,  3.72083333,  3.92916667,
        4.14166667,  4.02916667,  4.17083333,  3.95416667,  3.92083333,
        4.0625    ,  3.97083333,  3.9125    ,  4.17083333,  4.06666667,
        4.00416667,  3.77916667,  4.32083333,  4.075     ,  3.83333333,
        4.15833333,  3.77083333,  4.05416667,  4.2       ,  3.99166667,
        3.94583333,  4.07083333,  3.97916667,  3.925     ,  4.22083333,
        3.925     ,  3.93333333,  4.13333333,  3.7875    ,  4.075     ,
        3.98333333,  4.225     ,  4.15      ,  3.85833333,  3.94583333,
        3.99583333,  3.99166667,  4.0375    ,  4.10416667,  3.8625    ,
        4.05833333,  4.18333333,  3.78333333,  4.11666667,  4.05      ,
        4.14166667,  4.03333333,  4.02083333,  3.85      ,  3.89583333,
        4.2625    ,  4.        ,  4.11666667,  3.94583333,  3.975     ,
        3.80416667,  4.20416667,  4.1125    ,  3.93333333,  3.99166667,
        3.94583333,  3.98333333,  4.1625    ,  4.02916667,  3.725     ,
        4.2125    ,  3.8625    ,  4.06666667,  4.20833333,  3.875     ,
        3.975     ,  3.9875    ,  3.92083333,  3.97916667,  4.21666667,
        4.00416667,  3.98333333,  3.99166667,  3.99166667,  4.02083333,
        3.94166667,  4.19166667,  3.82916667,  4.025     ,  3.91666667,
        3.90416667,  4.29583333,  4.07916667,  3.9625    ,  3.98333333,
        3.92083333,  3.8625    ,  4.1625    ,  4.02916667,  3.86666667,
        3.95      ,  4.14166667,  3.98333333,  4.07916667,  3.85833333,
        4.09583333,  3.95416667,  3.8625    ,  4.34166667,  3.77083333,
        4.03333333,  4.2125    ,  4.02083333,  3.85833333,  3.89166667,
        4.175     ,  4.01666667,  4.00833333,  3.99166667,  4.01666667,
        3.97916667,  4.20833333,  4.05416667,  4.09166667,  3.85      ,
        4.12083333,  3.95833333,  3.85      ,  4.21666667]), array([ 0.   ,  0.005,  0.01 ,  0.015,  0.02 ,  0.025,  0.03 ,  0.035,
        0.04 ,  0.045,  0.05 ,  0.055,  0.06 ,  0.065,  0.07 ,  0.075,
        0.08 ,  0.085,  0.09 ,  0.095,  0.1  ,  0.105,  0.11 ,  0.115,
        0.12 ,  0.125,  0.13 ,  0.135,  0.14 ,  0.145,  0.15 ,  0.155,
        0.16 ,  0.165,  0.17 ,  0.175,  0.18 ,  0.185,  0.19 ,  0.195,
        0.2  ,  0.205,  0.21 ,  0.215,  0.22 ,  0.225,  0.23 ,  0.235,
        0.24 ,  0.245,  0.25 ,  0.255,  0.26 ,  0.265,  0.27 ,  0.275,
        0.28 ,  0.285,  0.29 ,  0.295,  0.3  ,  0.305,  0.31 ,  0.315,
        0.32 ,  0.325,  0.33 ,  0.335,  0.34 ,  0.345,  0.35 ,  0.355,
        0.36 ,  0.365,  0.37 ,  0.375,  0.38 ,  0.385,  0.39 ,  0.395,
        0.4  ,  0.405,  0.41 ,  0.415,  0.42 ,  0.425,  0.43 ,  0.435,
        0.44 ,  0.445,  0.45 ,  0.455,  0.46 ,  0.465,  0.47 ,  0.475,
        0.48 ,  0.485,  0.49 ,  0.495,  0.5  ,  0.505,  0.51 ,  0.515,
        0.52 ,  0.525,  0.53 ,  0.535,  0.54 ,  0.545,  0.55 ,  0.555,
        0.56 ,  0.565,  0.57 ,  0.575,  0.58 ,  0.585,  0.59 ,  0.595,
        0.6  ,  0.605,  0.61 ,  0.615,  0.62 ,  0.625,  0.63 ,  0.635,
        0.64 ,  0.645,  0.65 ,  0.655,  0.66 ,  0.665,  0.67 ,  0.675,
        0.68 ,  0.685,  0.69 ,  0.695,  0.7  ,  0.705,  0.71 ,  0.715,
        0.72 ,  0.725,  0.73 ,  0.735,  0.74 ,  0.745,  0.75 ,  0.755,
        0.76 ,  0.765,  0.77 ,  0.775,  0.78 ,  0.785,  0.79 ,  0.795,
        0.8  ,  0.805,  0.81 ,  0.815,  0.82 ,  0.825,  0.83 ,  0.835,
        0.84 ,  0.845,  0.85 ,  0.855,  0.86 ,  0.865,  0.87 ,  0.875,
        0.88 ,  0.885,  0.89 ,  0.895,  0.9  ,  0.905,  0.91 ,  0.915,
        0.92 ,  0.925,  0.93 ,  0.935,  0.94 ,  0.945,  0.95 ,  0.955,
        0.96 ,  0.965,  0.97 ,  0.975,  0.98 ,  0.985,  0.99 ,  0.995]), <a list of 199 Patch objects>)