(array([  1.47595833e+02,   8.38625000e+01,   4.66666667e-01,
         0.00000000e+00,   0.00000000e+00,   0.00000000e+00,
         0.00000000e+00,   8.33333333e-03,   4.62916667e+00,
         1.36666667e+01,   4.01250000e+00,   1.35833333e+00,
         1.29166667e+00,   2.56666667e+00,   4.50833333e+00,
         6.51666667e+00,   5.37916667e+00,   3.23333333e+00,
         2.77916667e+00,   3.05000000e+00,   4.04583333e+00,
         4.95416667e+00,   4.78333333e+00,   3.93333333e+00,
         3.52916667e+00,   3.55416667e+00,   3.94166667e+00,
         4.09166667e+00,   4.37500000e+00,   4.20416667e+00,
         3.78750000e+00,   3.77083333e+00,   4.05416667e+00,
         3.98750000e+00,   4.15416667e+00,   4.32916667e+00,
         3.96250000e+00,   3.93750000e+00,   3.98750000e+00,
         4.06666667e+00,   3.98750000e+00,   4.04166667e+00,
         3.97083333e+00,   3.97916667e+00,   4.04583333e+00,
         4.00000000e+00,   4.11666667e+00,   3.84583333e+00,
         4.02083333e+00,   4.05833333e+00,   4.11250000e+00,
         4.05000000e+00,   4.02500000e+00,   3.89583333e+00,
         4.00833333e+00,   4.06666667e+00,   4.02083333e+00,
         4.11666667e+00,   4.15000000e+00,   3.91666667e+00,
         3.77916667e+00,   3.96250000e+00,   4.25833333e+00,
         4.20416667e+00,   3.95416667e+00,   3.89583333e+00,
         3.72083333e+00,   4.26250000e+00,   4.27083333e+00,
         3.84166667e+00,   3.89166667e+00,   4.04583333e+00,
         3.95000000e+00,   4.01666667e+00,   4.10416667e+00,
         3.94583333e+00,   4.09583333e+00,   4.04166667e+00,
         3.92500000e+00,   4.04166667e+00,   3.93750000e+00,
         4.15833333e+00,   4.15416667e+00,   4.07916667e+00,
         3.81250000e+00,   3.96250000e+00,   4.02916667e+00,
         3.92083333e+00,   4.14166667e+00,   4.12916667e+00,
         4.07916667e+00,   3.91250000e+00,   3.89166667e+00,
         4.03750000e+00,   3.86666667e+00,   4.05000000e+00,
         4.40416667e+00,   3.63333333e+00,   3.96666667e+00,
         3.94583333e+00,   3.95416667e+00,   4.21666667e+00,
         3.91250000e+00,   4.02916667e+00,   3.98750000e+00,
         3.83750000e+00,   4.23750000e+00,   4.04166667e+00,
         3.87083333e+00,   4.16250000e+00,   4.07500000e+00,
         3.84583333e+00,   4.09166667e+00,   3.99166667e+00,
         4.00833333e+00,   4.10000000e+00,   3.90833333e+00,
         3.94166667e+00,   4.10833333e+00,   3.97500000e+00,
         3.92500000e+00,   4.12916667e+00,   4.09166667e+00,
         3.99583333e+00,   3.84583333e+00,   4.12083333e+00,
         3.97916667e+00,   3.97500000e+00,   4.03750000e+00,
         4.22083333e+00,   3.89583333e+00,   3.83750000e+00,
         3.99583333e+00,   4.12083333e+00,   4.17083333e+00,
         3.94166667e+00,   4.15000000e+00,   3.84583333e+00,
         4.12500000e+00,   4.02500000e+00,   4.12083333e+00,
         3.96250000e+00,   3.97083333e+00,   4.02916667e+00,
         3.92083333e+00,   4.03333333e+00,   3.99166667e+00,
         4.04166667e+00,   3.99166667e+00,   3.95833333e+00,
         4.25833333e+00,   4.03333333e+00,   4.10416667e+00,
         3.90416667e+00,   3.93333333e+00,   3.96250000e+00,
         3.95833333e+00,   4.08750000e+00,   4.19166667e+00,
         4.07500000e+00,   3.92916667e+00,   3.90416667e+00,
         4.00833333e+00,   3.99583333e+00,   4.07916667e+00,
         4.13333333e+00,   3.72083333e+00,   4.16666667e+00,
         4.03750000e+00,   3.86666667e+00,   4.01666667e+00,
         4.15416667e+00,   3.90416667e+00,   4.09166667e+00,
         4.20416667e+00,   3.78333333e+00,   4.00833333e+00,
         4.08333333e+00,   3.98333333e+00,   3.99166667e+00,
         4.18333333e+00,   3.69583333e+00,   4.00416667e+00,
         4.07916667e+00,   4.03333333e+00,   4.06666667e+00,
         4.11250000e+00,   4.03750000e+00,   3.72916667e+00,
         4.07083333e+00,   4.12916667e+00,   3.92916667e+00,
         3.97916667e+00,   4.20833333e+00,   3.87083333e+00,
         4.15833333e+00,   4.01666667e+00,   3.84583333e+00,
         4.06666667e+00]), array([ 0.   ,  0.005,  0.01 ,  0.015,  0.02 ,  0.025,  0.03 ,  0.035,
        0.04 ,  0.045,  0.05 ,  0.055,  0.06 ,  0.065,  0.07 ,  0.075,
        0.08 ,  0.085,  0.09 ,  0.095,  0.1  ,  0.105,  0.11 ,  0.115,
        0.12 ,  0.125,  0.13 ,  0.135,  0.14 ,  0.145,  0.15 ,  0.155,
        0.16 ,  0.165,  0.17 ,  0.175,  0.18 ,  0.185,  0.19 ,  0.195,
        0.2  ,  0.205,  0.21 ,  0.215,  0.22 ,  0.225,  0.23 ,  0.235,
        0.24 ,  0.245,  0.25 ,  0.255,  0.26 ,  0.265,  0.27 ,  0.275,
        0.28 ,  0.285,  0.29 ,  0.295,  0.3  ,  0.305,  0.31 ,  0.315,
        0.32 ,  0.325,  0.33 ,  0.335,  0.34 ,  0.345,  0.35 ,  0.355,
        0.36 ,  0.365,  0.37 ,  0.375,  0.38 ,  0.385,  0.39 ,  0.395,
        0.4  ,  0.405,  0.41 ,  0.415,  0.42 ,  0.425,  0.43 ,  0.435,
        0.44 ,  0.445,  0.45 ,  0.455,  0.46 ,  0.465,  0.47 ,  0.475,
        0.48 ,  0.485,  0.49 ,  0.495,  0.5  ,  0.505,  0.51 ,  0.515,
        0.52 ,  0.525,  0.53 ,  0.535,  0.54 ,  0.545,  0.55 ,  0.555,
        0.56 ,  0.565,  0.57 ,  0.575,  0.58 ,  0.585,  0.59 ,  0.595,
        0.6  ,  0.605,  0.61 ,  0.615,  0.62 ,  0.625,  0.63 ,  0.635,
        0.64 ,  0.645,  0.65 ,  0.655,  0.66 ,  0.665,  0.67 ,  0.675,
        0.68 ,  0.685,  0.69 ,  0.695,  0.7  ,  0.705,  0.71 ,  0.715,
        0.72 ,  0.725,  0.73 ,  0.735,  0.74 ,  0.745,  0.75 ,  0.755,
        0.76 ,  0.765,  0.77 ,  0.775,  0.78 ,  0.785,  0.79 ,  0.795,
        0.8  ,  0.805,  0.81 ,  0.815,  0.82 ,  0.825,  0.83 ,  0.835,
        0.84 ,  0.845,  0.85 ,  0.855,  0.86 ,  0.865,  0.87 ,  0.875,
        0.88 ,  0.885,  0.89 ,  0.895,  0.9  ,  0.905,  0.91 ,  0.915,
        0.92 ,  0.925,  0.93 ,  0.935,  0.94 ,  0.945,  0.95 ,  0.955,
        0.96 ,  0.965,  0.97 ,  0.975,  0.98 ,  0.985,  0.99 ,  0.995]), <a list of 199 Patch objects>)