0 10 17 20 21 22 28 35 39 42 55 73 97 99 102 114 133 145 152 
1 0 6 9 11 14 28 33 35 45 49 50 51 59 64 66 77 92 93 100 104 105 108 115 123 124 144 145 151 
2 12 15 23 24 28 37 43 46 51 53 56 61 68 73 76 78 82 88 91 99 101 102 107 112 116 122 124 125 129 150 
3 0 5 13 18 19 20 22 27 35 42 43 44 53 54 55 58 60 66 67 71 77 82 88 90 97 105 121 122 124 129 145 
4 24 25 33 34 35 39 41 54 59 77 78 85 87 94 101 105 108 110 113 121 137 142 157 
5 2 11 17 23 25 26 30 37 51 54 55 56 57 59 65 69 78 83 86 89 92 93 99 103 104 113 118 128 141 149 150 158 
6 10 15 20 22 27 36 40 44 48 55 58 61 65 68 77 95 116 119 120 121 123 129 131 137 139 148 153 159 
7 0 8 10 13 18 21 22 37 42 43 44 60 71 76 77 81 93 95 108 111 118 128 129 130 144 150 151 156 
8 3 10 25 28 30 33 39 40 46 48 53 58 59 64 67 68 71 73 82 86 92 96 97 101 109 115 117 121 124 126 130 142 146 147 148 
9 22 23 31 37 47 60 70 99 103 104 105 117 122 123 136 141 146 148 154 156 157 158 
10 1 2 12 18 24 29 35 36 40 46 54 55 56 60 61 74 78 81 83 93 95 100 105 109 111 115 116 125 127 128 134 143 151 157 158 159 
11 5 7 9 19 20 24 26 32 35 37 42 45 54 57 70 71 72 78 80 82 84 86 92 98 100 129 141 148 
12 2 15 17 22 28 31 46 47 52 53 55 57 60 62 73 82 89 116 117 125 134 136 143 149 
13 3 6 7 14 16 19 23 28 29 31 40 43 45 51 58 60 61 68 74 81 86 94 102 105 122 123 133 137 142 149 152 
14 5 8 19 20 21 25 27 34 35 46 51 52 55 63 69 70 71 73 75 76 78 79 83 89 91 95 104 119 138 141 151 157 158 159 
15 3 4 7 8 12 21 24 28 46 55 57 67 69 85 90 104 105 107 109 110 116 153 158 
16 21 23 25 27 41 52 53 57 68 70 75 76 86 87 88 89 106 114 129 146 151 153 
17 0 13 14 16 19 22 24 25 27 38 49 66 76 81 86 101 103 105 120 124 133 134 138 145 152 153 155 
18 3 11 12 19 26 27 29 40 42 44 51 53 59 69 76 78 86 92 96 116 128 137 139 141 144 146 
19 2 9 18 21 22 26 29 31 37 47 55 57 61 65 70 73 74 82 83 85 93 98 99 104 107 108 110 114 129 131 135 145 148 
20 3 4 8 15 25 29 39 40 42 47 50 57 67 70 74 89 98 101 110 112 113 123 128 140 141 148 158 
21 5 8 15 16 17 20 29 40 43 47 53 65 68 69 70 81 83 84 88 89 93 95 102 104 106 108 117 121 128 129 133 134 139 140 148 150 
22 0 16 20 26 37 38 39 40 43 44 46 51 59 62 63 66 68 69 73 85 90 96 97 98 103 104 105 106 110 115 116 130 138 144 152 
23 6 27 31 37 40 45 49 52 53 59 60 61 64 80 81 84 99 105 106 108 120 126 136 137 145 147 155 
24 3 5 10 12 15 17 18 29 30 34 42 45 56 65 71 72 77 79 84 87 98 100 104 106 111 125 130 147 150 156 
25 11 12 20 26 29 30 41 44 49 53 58 61 64 65 67 72 76 91 96 97 99 106 108 111 119 126 134 136 137 145 149 152 154 155 
26 2 4 6 12 19 24 34 37 48 57 59 61 62 79 99 105 109 111 115 126 127 130 132 135 136 143 149 153 155 
27 5 13 16 18 23 29 31 35 38 45 51 52 57 60 65 68 80 81 82 95 100 102 106 107 110 113 114 117 131 132 135 139 141 147 157 158 159 
28 12 14 33 34 38 42 56 58 59 66 67 68 70 72 77 85 90 92 93 98 102 111 114 116 120 124 131 135 141 148 149 157 
29 9 13 18 24 27 31 39 42 44 46 62 69 82 86 90 91 92 104 105 117 120 121 124 125 133 139 140 142 143 151 154 
30 1 23 24 25 35 45 46 51 68 74 79 83 89 104 105 106 107 136 141 156 
31 3 5 6 40 53 58 59 60 63 68 76 83 100 109 122 135 142 143 152 153 155 
32 10 12 17 29 33 35 42 48 49 55 58 68 76 84 89 90 96 100 103 112 115 119 121 130 133 146 
33 4 6 21 23 39 55 56 61 64 71 81 82 90 92 97 104 107 109 115 120 121 130 134 137 140 148 152 153 156 
34 1 3 7 8 24 35 42 43 48 50 70 75 84 94 96 101 102 105 107 112 120 122 124 125 126 133 137 146 150 
35 5 15 24 44 49 52 61 65 69 73 91 93 97 99 103 114 119 120 126 134 137 144 148 152 
36 1 3 5 6 7 9 19 23 26 30 32 47 49 51 52 53 57 61 66 68 70 71 88 91 92 94 109 112 115 117 119 126 132 144 146 148 
37 3 7 16 20 25 34 36 45 46 48 50 52 54 55 63 64 71 82 84 85 89 90 94 98 107 108 111 113 119 124 125 128 139 141 146 149 
38 2 12 14 16 35 39 40 41 51 57 60 75 79 88 89 95 101 102 105 111 122 124 128 129 130 134 148 151 157 159 
39 14 26 30 35 40 42 54 56 62 69 70 73 75 77 79 82 99 102 103 105 107 109 122 124 127 129 135 136 138 139 140 147 152 
40 6 7 12 20 25 30 33 34 37 45 63 65 68 77 81 83 91 93 94 97 100 101 106 107 109 110 123 127 133 141 151 156 
41 4 9 14 15 17 28 33 39 42 47 56 66 72 73 74 89 92 93 102 104 106 109 115 133 135 136 140 141 152 
42 3 5 6 7 10 11 17 18 19 26 31 39 43 45 59 66 69 73 79 81 82 89 96 108 112 116 119 123 125 131 138 139 144 146 156 159 
43 0 3 5 12 17 18 21 31 34 41 47 51 57 64 66 70 74 75 77 78 79 81 95 97 99 116 117 121 142 143 150 152 157 
44 12 15 27 31 38 46 50 52 54 58 59 61 62 66 72 78 90 94 96 101 110 113 115 124 125 129 130 132 134 141 143 145 150 155 157 159 
45 7 15 25 30 36 40 43 44 47 48 54 59 60 63 66 74 81 84 86 87 88 98 100 102 106 107 108 113 115 118 125 126 130 134 138 143 146 153 159 
46 10 12 17 18 20 43 49 69 71 74 76 89 99 104 105 107 108 110 121 126 131 137 142 149 157 
47 7 9 20 21 26 27 28 40 51 54 61 67 71 76 77 78 85 89 101 105 109 110 122 125 136 152 159 
48 2 7 11 17 19 21 22 26 32 37 38 39 40 43 56 60 76 92 100 107 132 136 140 
49 6 9 10 11 27 28 36 41 48 81 88 93 99 101 107 109 115 116 120 130 133 139 145 147 149 
50 1 7 12 23 28 38 39 45 46 49 55 56 64 65 86 100 101 104 117 125 146 147 149 
51 1 30 31 39 40 53 56 59 71 76 82 92 93 96 100 108 114 129 137 140 142 148 150 155 
52 14 21 23 32 38 41 43 45 47 53 58 59 67 83 87 88 91 97 125 130 140 142 
53 2 13 19 22 23 25 30 33 40 55 59 61 69 82 83 90 96 97 99 102 103 108 113 117 120 123 124 129 132 145 152 
54 0 1 4 6 9 24 29 31 32 38 45 46 58 61 62 63 64 69 86 90 93 105 106 108 112 133 135 139 147 148 159 
55 10 14 17 19 23 26 30 33 40 47 50 54 68 70 71 73 76 80 81 82 91 95 105 116 117 122 123 128 140 141 152 
56 4 8 16 23 29 30 42 45 48 49 53 69 71 72 76 82 85 87 89 94 100 101 103 111 112 117 119 125 126 128 135 138 
57 4 10 17 19 23 27 28 31 37 41 48 62 69 72 76 81 82 83 97 100 101 105 107 111 118 123 129 131 133 136 154 156 
58 0 5 10 11 24 25 35 37 40 43 50 53 59 60 62 63 64 66 70 76 82 93 95 96 99 102 108 113 114 119 125 132 136 158 
59 2 9 11 18 22 30 31 36 37 40 43 46 53 61 66 78 79 90 91 93 95 97 105 107 110 115 118 126 130 132 134 147 153 
60 2 3 16 20 26 32 35 38 43 44 49 58 69 77 80 83 92 93 97 99 103 106 107 112 114 118 126 128 136 149 158 
61 14 15 18 19 20 22 25 28 30 32 43 46 52 53 59 64 76 79 81 82 86 97 102 106 115 129 130 136 142 149 151 157 
62 12 14 15 24 30 33 34 36 42 43 46 67 68 77 86 91 93 94 95 102 117 124 127 137 141 159 
63 5 9 19 22 28 29 30 53 55 62 75 79 86 88 93 109 123 125 133 148 154 155 157 
64 0 11 17 19 21 22 23 32 37 44 49 57 69 82 85 92 108 115 121 122 131 139 155 
65 3 16 19 41 48 49 52 64 71 83 84 85 88 89 97 114 117 120 122 125 131 136 139 141 145 148 150 155 
66 6 7 9 21 27 53 54 68 70 72 80 91 100 106 107 110 112 114 117 118 141 154 
67 0 2 4 6 11 31 34 36 40 41 43 45 48 50 55 56 68 71 75 94 99 116 119 122 130 131 134 136 140 141 147 150 152 
68 5 20 23 25 31 32 34 35 41 48 50 56 57 63 65 71 86 87 92 95 101 103 105 110 113 124 137 139 
69 6 22 25 28 52 53 54 55 58 59 61 67 68 71 75 76 84 87 88 98 113 115 117 119 121 131 139 140 145 148 155 
70 1 2 5 9 13 14 16 32 34 36 44 48 51 55 56 80 85 94 108 109 113 114 117 120 122 123 126 128 132 143 146 148 154 155 158 
71 3 30 36 40 46 51 53 56 57 59 62 64 66 67 70 74 87 100 114 117 120 121 128 130 131 133 152 154 
72 1 2 10 16 18 22 24 30 35 37 57 65 69 93 94 95 97 98 100 101 107 109 118 123 124 135 139 144 146 153 158 
73 0 2 13 14 22 27 28 31 33 34 39 41 42 45 47 48 49 57 64 70 75 78 81 82 96 105 111 114 123 129 131 132 135 151 
74 0 2 8 26 35 37 40 46 47 49 52 59 63 66 70 89 100 103 113 115 125 128 130 132 159 
75 0 3 4 9 14 28 29 43 50 55 56 57 58 59 69 70 71 72 74 80 83 93 103 105 114 115 122 125 126 129 130 131 132 133 136 140 146 152 155 
76 7 14 23 26 33 45 49 51 52 57 58 59 71 81 83 84 86 91 94 95 109 113 114 116 121 122 132 143 151 152 159 
77 9 20 29 35 40 45 54 55 56 61 62 76 79 86 94 125 133 136 146 154 157 158 
78 10 11 26 30 36 39 44 52 53 56 59 61 62 65 92 114 119 123 126 141 146 
79 9 10 14 27 30 31 35 41 42 46 52 53 54 61 67 82 85 89 102 118 131 135 136 138 151 
80 1 2 5 6 8 21 37 43 51 53 54 57 59 84 85 86 87 88 92 93 98 101 103 104 106 109 113 124 129 138 144 148 154 156 
81 5 9 10 11 26 35 40 48 49 65 75 99 100 114 118 129 133 135 138 139 150 153 
82 4 6 10 28 32 35 48 50 57 64 67 79 80 81 88 101 102 103 106 111 130 132 133 135 141 142 144 145 146 150 156 
83 3 10 15 19 29 36 37 38 40 44 49 53 58 66 72 77 80 84 86 89 96 97 103 111 117 121 123 126 127 128 131 134 135 142 149 158 
84 17 23 27 32 37 39 45 49 50 54 60 64 68 69 71 80 83 86 101 109 110 113 114 120 123 126 130 137 139 144 147 148 149 151 155 158 
85 1 2 8 9 16 22 26 28 36 37 38 41 45 53 54 57 59 61 63 68 69 70 73 84 88 91 92 93 113 116 118 120 126 131 134 137 141 143 153 157 
86 0 10 14 26 32 33 34 49 50 64 72 81 94 96 97 98 99 100 105 110 115 117 124 125 135 146 152 
87 0 1 13 17 21 23 35 47 62 67 72 78 80 91 94 100 104 107 108 113 127 130 140 146 150 151 153 
88 5 11 26 30 42 44 45 47 62 69 72 77 98 107 118 124 130 134 137 138 139 140 142 149 
89 3 4 5 24 25 31 35 38 40 43 46 47 55 56 59 73 78 80 82 91 101 108 114 133 142 143 146 150 157 
90 2 7 25 26 32 33 34 50 55 57 61 92 95 102 117 119 121 131 133 136 138 143 146 147 152 153 154 
91 0 2 4 5 8 13 16 24 40 43 47 48 50 52 53 55 58 62 63 66 67 68 81 84 87 93 96 103 104 106 109 114 115 133 137 141 142 144 145 148 155 158 
92 1 5 9 12 15 17 21 23 24 28 29 30 31 37 47 70 81 82 89 90 91 95 99 110 113 128 130 132 134 138 139 144 145 152 156 159 
93 5 10 15 25 27 37 39 65 68 71 74 82 84 88 90 101 106 111 126 134 136 146 
94 3 5 10 12 22 23 26 27 30 37 43 52 60 67 84 107 109 115 134 137 140 150 156 
95 5 6 7 8 14 22 27 30 38 42 45 52 55 86 87 98 99 101 104 105 107 118 122 140 150 159 
96 0 19 22 26 33 35 38 41 49 50 51 55 59 60 70 75 84 85 99 104 109 114 115 122 128 129 133 140 146 150 153 155 
97 3 7 9 17 20 36 37 38 51 54 58 65 67 73 77 86 98 103 112 113 124 129 134 141 146 147 148 
98 0 4 5 7 10 12 17 21 22 23 30 32 37 49 54 55 59 71 75 81 85 96 100 103 104 118 121 124 127 128 132 147 156 
99 6 13 20 23 34 36 39 58 62 63 71 79 82 94 103 104 108 113 117 120 144 156 158 
100 0 1 3 4 16 18 23 28 29 31 33 41 53 58 62 66 70 72 90 93 107 113 121 124 126 131 134 138 142 148 156 157 
101 5 7 16 20 41 47 49 53 58 60 61 69 71 72 80 85 87 95 97 119 124 125 126 130 136 157 159 
102 11 19 34 41 42 43 52 58 64 70 83 95 100 106 117 118 123 124 127 132 135 142 143 
103 1 2 23 25 29 35 41 49 51 57 61 77 83 86 94 107 125 130 131 134 143 146 151 
104 5 8 10 12 13 15 19 22 28 30 41 49 52 55 56 57 59 73 74 79 81 86 87 89 91 92 98 100 107 115 117 123 134 136 138 141 143 146 147 151 155 156 
105 3 8 9 23 40 43 53 55 63 66 83 84 90 96 118 137 143 149 156 159 
106 0 5 6 10 15 18 27 30 31 42 43 54 56 60 62 66 70 85 87 89 90 97 98 104 105 133 134 135 140 142 
107 7 10 12 15 31 39 46 58 60 66 68 69 108 111 119 125 127 128 131 144 147 150 151 
108 2 17 19 21 24 36 39 42 45 49 55 67 73 76 77 78 79 82 85 96 106 117 119 120 123 124 125 130 142 146 147 149 
109 3 9 10 13 18 29 31 33 37 39 40 43 47 53 54 55 57 67 71 73 75 80 84 93 96 116 119 120 125 126 127 132 151 153 154 
110 5 13 24 27 42 51 55 58 61 62 93 102 105 111 118 125 126 139 140 143 148 152 153 155 157 
111 14 15 39 41 43 51 71 75 83 84 85 89 91 92 100 106 107 108 114 116 122 140 141 154 
112 3 10 17 18 23 24 27 32 33 36 49 50 52 54 58 68 76 90 92 106 109 117 118 120 124 132 138 144 149 151 153 
113 17 22 25 26 34 38 39 43 48 58 61 70 86 87 88 93 103 104 129 132 133 135 145 152 153 
114 0 3 12 17 18 34 37 38 49 50 52 60 61 66 69 78 82 87 88 105 108 110 116 119 124 126 132 135 141 143 144 145 149 156 
115 6 8 12 19 24 25 26 32 34 38 39 40 43 51 65 68 70 73 81 110 117 120 121 125 130 132 135 137 139 148 153 156 157 
116 15 25 29 35 36 40 45 48 52 62 63 72 74 79 89 93 94 95 104 105 118 127 131 132 134 143 146 151 156 158 159 
117 1 10 18 21 29 31 35 46 56 62 68 76 87 89 97 103 105 108 116 133 134 139 141 144 147 148 152 
118 2 5 10 17 26 28 29 45 54 56 58 60 61 63 78 84 89 91 101 102 121 123 127 130 142 144 145 146 149 151 159 
119 5 7 12 17 20 24 34 36 44 45 62 66 74 76 82 87 89 91 95 98 112 115 125 128 132 133 137 138 153 156 158 
120 10 22 23 24 32 34 44 52 54 66 73 78 82 85 86 89 96 97 104 106 107 117 118 124 129 141 142 
121 4 5 11 16 17 20 26 27 29 33 40 47 48 55 57 60 62 66 68 73 77 91 96 99 107 110 111 112 122 123 149 151 157 
122 7 8 15 26 45 53 55 59 69 79 81 82 89 95 96 99 105 107 112 114 120 125 133 138 142 144 146 152 157 
123 6 9 14 25 32 33 36 43 44 48 49 53 55 59 63 65 70 77 80 86 92 99 108 128 131 145 148 
124 1 4 5 9 15 20 24 25 30 39 43 45 47 49 53 62 72 73 75 78 79 82 88 92 94 95 102 103 108 115 117 122 123 129 130 134 139 143 153 155 
125 3 15 19 21 22 25 27 34 39 42 43 57 58 69 71 82 84 89 95 101 103 104 110 113 114 119 120 124 126 141 147 156 158 159 
126 7 11 13 14 20 21 23 25 26 29 36 43 46 52 55 57 63 68 87 93 102 104 110 114 121 127 129 140 141 142 155 158 
127 8 9 10 14 15 27 29 37 43 51 53 67 75 77 89 102 117 118 121 122 125 131 147 
128 4 17 18 19 24 26 36 38 43 56 58 72 83 84 90 91 101 105 118 129 149 155 
129 5 7 8 9 24 32 35 39 41 43 48 53 60 65 66 71 73 82 89 90 96 102 114 115 116 121 131 133 134 135 136 144 148 
130 0 9 10 37 43 49 50 53 60 62 78 81 89 91 97 103 107 112 120 124 126 127 134 137 142 152 
131 3 8 17 26 34 35 40 44 50 52 60 61 63 66 67 69 73 78 82 86 91 94 98 105 108 110 112 114 115 124 137 140 141 142 143 144 146 151 
132 0 1 5 7 16 27 44 45 57 62 63 64 65 67 77 80 83 87 91 100 102 106 110 112 113 129 135 140 142 144 148 149 150 156 158 
133 2 4 5 11 12 20 24 26 48 52 55 58 59 65 72 75 77 83 84 85 86 91 94 95 102 105 112 113 116 118 119 128 132 135 136 141 149 
134 0 1 3 10 15 16 21 26 39 50 67 71 76 78 81 85 86 102 105 107 111 113 117 124 125 126 127 136 145 153 156 
135 16 20 31 37 38 41 44 45 47 53 63 66 70 71 72 76 80 84 104 110 118 120 127 128 129 133 137 144 149 
136 0 3 8 17 22 23 26 30 31 35 42 43 44 45 48 51 54 56 60 62 78 86 90 92 96 99 100 107 109 119 122 124 133 137 142 143 148 149 153 155 159 
137 6 10 14 26 29 37 43 44 47 52 56 60 73 74 84 97 103 114 118 130 135 141 148 155 
138 2 7 12 27 29 46 47 61 63 65 95 101 126 134 148 154 156 158 
139 2 12 13 14 15 18 23 25 26 28 29 34 37 38 43 60 62 63 68 77 80 87 89 90 93 97 100 102 109 110 111 116 118 120 123 133 157 159 
140 4 10 20 24 33 44 45 47 57 59 63 67 69 77 87 93 96 101 111 114 116 121 125 134 137 143 149 150 152 156 157 158 
141 19 21 26 27 34 35 43 47 62 69 73 77 78 83 86 87 88 92 95 98 100 101 107 118 120 133 137 145 148 157 
142 4 7 8 15 29 47 52 59 63 70 75 82 94 99 101 110 114 116 126 136 151 155 159 
143 7 22 29 38 41 42 54 62 70 72 75 78 79 88 103 109 121 122 130 132 135 142 156 157 
144 9 36 49 52 56 65 68 69 76 82 86 87 91 92 96 100 106 123 134 148 149 
145 3 4 6 7 8 10 17 22 24 25 33 41 42 53 58 69 74 87 90 92 93 96 114 118 121 132 133 146 152 157 
146 8 18 21 24 25 34 48 49 54 68 75 86 102 104 108 124 128 135 145 148 151 157 159 
147 1 2 5 7 8 9 12 20 27 35 36 37 41 43 44 45 46 48 52 53 54 67 71 82 88 91 97 103 106 112 114 117 129 133 
148 3 7 10 19 22 24 34 48 49 53 56 71 75 80 84 110 112 118 119 125 128 131 136 139 156 
149 11 16 25 31 34 59 63 64 67 70 71 73 78 82 86 89 96 99 106 108 110 123 141 143 148 150 154 157 158 
150 1 4 8 9 10 13 17 23 29 33 37 39 42 44 52 57 58 62 64 65 71 72 73 76 77 80 83 86 89 94 96 104 106 109 115 121 125 129 140 154 
151 9 21 23 25 34 43 45 48 64 66 71 74 87 93 96 97 100 107 111 117 125 129 131 135 141 143 145 158 159 
152 15 18 22 23 25 27 58 59 66 68 95 103 112 116 119 128 138 142 151 153 156 
153 0 5 11 26 28 30 32 35 50 61 67 69 77 80 87 104 106 115 139 145 
154 1 14 19 22 40 50 53 56 61 65 71 73 75 84 88 90 99 101 110 111 115 118 122 124 129 130 131 144 153 
155 2 10 15 23 24 28 29 34 36 40 45 47 49 50 54 73 75 85 97 99 104 105 108 110 115 118 119 122 129 136 140 159 
156 4 5 6 10 19 21 22 29 43 51 60 61 64 66 70 77 83 90 93 94 96 99 102 104 107 108 115 116 122 131 132 149 151 154 158 
157 15 23 25 34 43 45 52 55 59 60 63 70 74 104 105 107 119 126 136 137 144 148 159 
158 9 11 24 27 29 38 43 47 61 63 67 68 69 71 76 78 79 105 108 121 122 124 143 145 154 
159 30 40 46 56 58 59 60 61 79 91 101 106 123 137 140 146 148 
