0 4 10 12 16 29 38 39 43 44 49 57 66 69 70 73 75 85 89 91 107 116 118 132 135 146 
1 11 24 28 35 44 50 55 56 69 70 80 81 85 93 100 101 102 103 119 121 122 124 145 146 149 151 
2 11 17 23 27 38 41 48 51 77 81 128 132 138 139 
3 2 4 11 12 16 26 28 45 50 53 59 64 65 66 71 73 78 86 93 96 100 103 107 134 148 150 
4 6 7 9 13 15 27 35 38 41 48 54 67 71 72 79 80 85 86 88 89 97 98 104 110 120 123 130 135 148 152 153 154 
5 9 13 19 34 37 38 40 44 45 49 51 77 79 84 87 90 97 98 99 106 120 132 134 136 
6 5 10 15 21 22 29 36 38 39 44 51 55 57 67 71 73 77 81 86 90 98 117 118 124 138 139 141 145 146 152 
7 1 8 10 14 23 24 32 33 34 35 38 41 42 43 50 51 52 53 55 57 66 67 70 77 79 83 85 89 94 103 106 109 111 117 120 128 130 136 141 148 152 157 
8 1 3 6 10 18 31 33 39 45 64 70 73 78 89 93 98 103 106 117 127 137 141 143 146 148 154 
9 6 7 11 12 14 20 21 24 26 27 38 40 41 42 43 49 52 56 60 61 65 66 69 73 76 78 80 90 92 93 95 100 105 106 107 110 124 128 141 143 153 154 159 
10 0 1 4 7 11 12 13 17 19 23 40 42 46 47 59 73 80 85 101 102 116 125 131 135 136 137 145 148 153 155 157 
11 0 2 4 8 9 12 14 24 27 45 56 57 63 76 82 83 87 96 99 102 109 112 115 125 133 152 158 159 
12 1 5 17 20 27 40 44 58 64 68 69 79 82 100 101 104 106 116 119 143 151 152 155 
13 2 10 11 12 28 30 38 42 44 54 56 60 62 65 73 75 78 81 87 93 98 99 106 110 126 135 136 137 140 141 158 
14 6 8 12 15 19 23 30 39 40 43 47 58 63 99 101 109 117 120 124 136 155 
15 3 5 11 18 21 23 31 38 43 54 60 83 85 88 106 110 111 117 126 137 153 
16 4 6 13 19 22 38 41 42 45 64 65 72 74 75 85 96 103 121 122 144 148 150 
17 1 4 11 12 21 23 26 29 33 34 39 45 50 52 67 72 74 85 86 88 91 98 100 101 107 112 146 150 154 
18 0 2 3 6 11 12 15 16 17 24 28 34 48 50 56 58 61 68 72 82 83 84 94 100 105 107 108 136 144 146 147 149 
19 14 16 21 22 28 41 46 48 64 68 70 72 76 79 81 85 88 98 101 104 110 114 137 139 144 145 150 151 153 154 157 
20 0 3 5 6 9 21 22 31 32 40 44 48 53 54 56 57 58 60 64 75 83 84 90 95 96 97 101 118 119 123 126 128 131 138 148 154 
21 1 6 8 15 19 20 27 35 39 40 50 59 60 70 80 84 85 99 104 111 116 117 121 130 133 144 146 156 157 
22 2 7 19 24 31 33 39 40 45 52 54 57 62 63 71 72 75 84 87 90 94 95 96 98 105 135 141 146 147 156 
23 0 2 18 20 21 29 35 36 52 54 55 60 63 66 68 69 73 76 78 82 95 97 108 109 112 116 122 123 129 131 136 138 147 158 
24 4 8 12 23 37 38 46 48 49 52 54 57 65 66 67 73 81 86 87 89 104 111 115 117 124 136 142 152 154 
25 19 41 44 46 49 60 69 72 73 88 89 92 93 104 116 122 124 129 130 135 137 139 141 142 143 144 148 152 153 154 
26 2 12 15 17 19 37 39 41 42 44 47 51 54 61 62 67 68 69 84 87 90 92 93 96 97 99 102 109 110 118 121 122 143 151 155 156 
27 1 2 5 8 17 19 28 32 33 34 48 53 56 59 62 64 71 73 76 82 96 102 105 116 119 123 143 145 146 149 158 159 
28 0 6 9 10 13 26 30 36 37 39 40 44 45 46 50 51 57 58 62 71 73 76 86 91 100 103 104 105 110 111 116 118 120 122 141 143 149 
29 4 16 21 22 23 24 33 36 39 41 42 47 50 58 59 67 68 79 82 101 103 107 110 111 114 137 139 147 148 153 157 
30 11 25 27 33 41 43 44 46 50 52 56 59 60 61 62 67 70 71 75 78 89 95 106 110 119 120 132 133 139 148 157 159 
31 2 3 5 7 21 25 30 35 39 46 51 57 58 61 62 76 77 78 87 89 99 104 108 117 121 123 132 139 141 155 156 158 
32 1 7 19 26 36 42 49 59 60 64 69 70 73 80 90 92 96 97 106 107 119 120 128 134 153 
33 1 7 8 9 13 16 23 25 27 28 44 56 60 71 77 86 87 88 91 96 100 107 109 122 133 138 152 154 
34 3 9 12 17 18 19 49 55 62 67 74 81 83 92 94 113 120 129 134 136 137 138 140 
35 4 5 8 10 18 20 24 27 37 44 56 60 84 87 88 89 92 96 102 105 113 115 116 118 120 122 130 133 146 150 156 
36 11 16 20 21 24 28 34 37 42 45 51 52 69 74 76 83 86 90 95 98 105 112 115 118 123 126 133 134 138 142 150 152 
37 5 6 8 16 18 19 20 22 23 28 32 33 40 41 44 46 48 55 58 63 65 74 77 81 88 104 110 114 115 117 118 119 121 124 131 134 141 144 157 159 
38 3 10 33 41 55 57 59 63 66 78 79 82 86 88 89 92 104 106 111 114 117 118 120 123 126 129 134 136 139 150 151 
39 1 3 9 11 17 31 32 48 57 70 76 96 104 109 115 117 129 130 131 138 143 157 159 
40 10 13 16 25 26 36 45 46 52 57 60 67 71 73 78 85 93 96 101 110 112 113 114 117 136 142 146 152 153 155 
41 9 12 20 22 24 25 26 28 34 39 42 52 59 64 67 73 76 82 92 93 96 99 105 114 118 122 129 131 133 135 139 140 142 146 147 157 
42 0 1 8 16 29 34 39 40 41 47 55 58 66 71 75 79 87 88 91 100 111 112 113 115 121 124 131 134 139 142 157 
43 7 16 20 21 35 39 41 42 45 48 49 52 54 57 62 64 71 73 75 80 83 87 88 89 90 103 113 120 127 135 139 141 147 148 150 159 
44 6 8 10 12 38 48 77 88 89 91 93 94 97 107 120 121 126 129 137 138 139 141 142 148 152 156 
45 5 7 8 9 15 39 46 52 53 55 66 67 87 95 101 121 123 124 127 131 134 138 149 157 159 
46 5 7 23 24 26 33 37 56 63 67 79 84 102 118 120 122 124 127 132 134 138 139 140 149 151 157 158 
47 4 13 18 21 24 31 34 36 40 43 54 57 63 71 73 74 83 85 87 94 99 101 102 105 106 107 117 132 141 148 151 155 
48 4 11 22 44 53 68 71 75 96 108 122 130 153 
49 0 11 12 22 24 26 29 34 40 42 45 52 58 70 75 108 122 124 125 132 136 149 155 
50 29 40 46 47 48 58 73 75 77 78 92 97 106 108 109 110 117 118 144 146 
51 20 27 31 32 38 45 46 56 62 63 64 76 79 96 112 127 131 144 146 149 
52 8 9 11 13 15 17 22 28 29 37 39 40 43 54 64 65 67 72 73 77 88 90 92 93 94 95 96 97 100 102 108 112 115 128 133 135 138 143 146 159 
53 9 10 11 14 15 19 27 31 33 35 50 54 56 63 67 82 89 94 106 112 113 114 128 136 138 147 151 153 158 
54 13 14 23 25 42 50 53 56 60 69 76 82 95 97 98 108 114 121 125 127 128 135 143 149 159 
55 4 11 12 18 19 30 40 43 45 48 50 62 70 73 76 80 82 86 87 88 91 92 94 95 102 107 118 122 124 125 129 131 139 144 145 147 154 157 
56 7 8 10 13 15 16 18 24 31 36 41 42 47 52 60 65 68 80 85 89 90 91 95 96 102 104 106 118 123 126 129 133 134 135 137 139 144 148 149 152 156 
57 1 2 23 24 25 28 34 53 64 67 70 84 86 87 89 90 91 93 96 97 99 100 103 105 117 118 120 122 128 131 135 136 141 144 146 150 
58 5 8 9 15 23 30 33 35 39 49 54 65 69 70 71 84 85 87 93 96 101 102 103 104 105 109 115 117 118 120 127 133 135 137 139 147 152 158 
59 3 7 8 11 15 21 22 54 67 71 72 75 77 79 81 83 85 90 95 102 108 111 113 114 117 118 135 141 146 154 
60 2 5 9 11 22 25 26 44 45 47 62 67 71 81 82 92 93 114 138 151 157 
61 15 17 24 26 29 33 34 35 37 39 41 66 75 93 95 99 102 109 121 129 134 143 147 152 157 159 
62 7 19 20 29 34 37 41 44 47 57 73 75 78 91 92 98 103 105 115 117 121 138 148 155 
63 3 10 12 27 28 36 37 42 52 59 61 62 70 77 85 88 101 105 111 119 124 133 151 
64 0 9 21 28 42 44 59 74 87 103 112 121 123 137 145 156 
65 3 7 9 32 37 40 43 44 49 54 55 62 68 70 81 82 84 88 97 103 104 113 114 116 117 129 139 145 
66 0 7 12 16 17 30 36 41 45 52 56 57 69 70 107 112 115 121 125 137 139 140 141 154 155 
67 15 24 26 43 45 53 66 70 71 74 77 84 89 93 96 98 100 103 115 116 119 121 123 124 129 132 134 135 136 137 138 140 143 145 147 150 154 158 
68 3 6 12 24 37 48 50 55 58 69 75 78 82 83 92 100 101 109 112 121 131 132 138 139 141 142 148 151 152 158 
69 1 2 6 10 14 16 25 36 39 40 45 50 58 61 63 64 78 83 93 101 111 118 122 124 128 130 133 136 137 138 142 144 151 153 158 
70 2 5 8 15 22 23 33 37 45 50 57 89 95 102 104 121 124 126 127 137 141 147 156 159 
71 8 20 36 41 49 55 64 65 67 81 84 91 96 99 103 111 113 115 119 122 124 133 143 159 
72 2 6 7 16 25 27 38 40 44 54 59 60 68 74 75 79 86 93 96 97 102 109 118 128 149 150 151 155 
73 1 2 3 7 12 34 36 50 52 59 81 89 91 94 95 100 102 104 108 109 110 135 154 155 158 
74 26 32 33 36 41 42 49 53 57 58 59 60 63 64 72 91 95 101 104 105 106 108 109 113 116 120 122 123 124 135 140 141 154 159 
75 1 3 4 7 19 23 32 38 50 52 57 62 71 73 74 80 83 88 90 102 103 111 115 121 123 127 134 135 136 138 140 145 146 148 150 154 
76 8 27 28 29 34 35 41 45 53 55 56 58 59 67 69 70 73 82 83 90 93 95 97 100 102 103 106 111 113 122 133 142 144 148 150 158 159 
77 2 6 15 28 31 48 49 51 55 58 60 74 80 101 126 129 139 146 157 
78 4 10 13 14 18 28 29 34 36 37 41 49 50 56 59 62 75 76 87 89 92 95 104 106 118 133 136 139 153 156 
79 4 13 23 24 31 39 40 47 54 59 72 73 75 90 100 105 108 117 124 131 135 141 152 154 159 
80 4 6 17 20 27 35 37 39 40 44 51 53 64 65 83 105 108 114 139 145 146 148 150 
81 5 18 21 29 36 50 54 59 64 67 68 72 82 93 105 107 114 119 121 122 128 132 134 140 141 144 146 152 
82 11 13 18 24 28 30 40 41 46 48 54 59 60 68 71 74 76 84 98 105 114 115 122 128 130 131 139 140 146 147 148 155 
83 3 8 16 35 41 42 44 46 47 51 55 56 75 76 86 87 89 92 95 100 108 109 110 116 117 120 124 130 132 133 135 141 147 158 
84 4 7 10 15 16 18 30 36 42 47 51 55 67 69 74 76 78 79 85 89 97 108 117 133 148 155 156 157 
85 0 22 27 30 40 43 45 73 75 78 92 99 102 103 106 107 118 126 133 134 136 141 142 146 148 156 
86 0 1 5 9 10 14 16 21 25 36 37 40 41 44 45 55 66 69 73 78 82 83 84 92 104 105 106 110 124 126 127 132 143 156 157 158 
87 0 8 12 20 23 27 34 36 38 39 41 42 53 54 62 70 72 76 78 91 100 105 106 109 111 119 136 137 140 141 143 149 156 157 
88 4 6 7 9 10 24 36 43 44 45 47 49 60 68 73 77 98 105 110 113 114 117 134 136 143 144 146 153 154 
89 1 2 23 27 36 54 55 63 64 101 102 104 105 106 108 111 119 124 125 135 136 143 149 153 154 155 
90 0 2 8 9 17 22 24 33 34 35 37 44 47 49 51 54 55 58 61 63 73 76 84 85 86 92 94 104 109 113 125 126 128 132 134 142 145 159 
91 0 2 4 5 8 9 13 34 35 37 39 46 57 72 80 81 85 93 98 102 105 111 113 120 121 122 125 132 141 145 156 158 
92 0 6 15 19 24 32 36 48 55 59 64 65 67 73 89 93 96 107 108 111 114 115 119 124 125 126 127 129 141 143 148 149 150 
93 10 15 21 23 26 29 33 42 44 45 47 49 50 58 64 66 69 74 84 89 99 101 103 107 118 119 122 123 132 136 137 150 151 152 
94 18 21 31 46 51 62 73 77 78 84 85 99 108 124 133 146 148 157 
95 3 15 27 28 30 51 56 58 59 68 70 71 73 79 84 87 91 100 122 127 149 155 
96 20 23 26 32 37 40 43 48 54 60 73 74 81 84 89 102 106 119 132 137 144 145 147 
97 5 19 23 27 32 51 69 72 74 82 88 91 103 106 107 108 109 118 126 137 140 141 144 
98 1 8 20 23 25 32 38 41 49 50 65 68 74 78 82 83 85 87 90 94 96 99 101 104 109 113 114 127 128 130 135 137 139 144 147 158 
99 1 4 12 16 19 27 28 35 37 42 43 47 52 62 65 66 69 70 86 94 101 107 117 120 126 128 139 
100 2 5 8 15 24 25 26 27 31 33 34 37 40 43 47 50 51 60 66 79 86 96 97 101 110 122 124 128 129 133 134 137 142 143 145 
101 5 12 13 19 23 25 35 36 40 44 52 62 72 76 77 88 90 99 111 114 128 137 139 148 149 153 154 156 
102 2 12 13 14 26 27 28 33 39 41 47 56 57 67 73 74 80 82 83 87 88 99 101 106 109 112 122 135 138 141 145 147 149 156 
103 10 20 22 25 31 32 34 35 36 41 48 52 56 62 64 66 86 97 104 106 113 141 146 149 151 154 158 159 
104 5 7 10 11 16 18 21 23 24 26 32 34 46 57 58 62 64 69 70 77 81 87 88 90 93 94 99 101 106 107 108 118 119 123 124 147 149 
105 16 27 32 46 47 53 58 61 63 65 89 90 94 95 100 101 102 111 115 129 130 131 141 147 148 157 
106 6 13 15 20 26 28 43 45 59 63 64 67 75 76 83 84 86 103 115 117 125 127 131 132 145 154 156 
107 13 16 18 19 26 29 36 40 43 46 49 50 56 59 62 67 70 76 77 78 81 91 95 100 103 106 108 119 121 127 128 129 130 131 142 144 146 148 159 
108 3 7 17 24 34 53 54 55 59 63 64 66 76 81 84 93 99 110 116 119 121 123 124 125 133 138 140 149 153 154 157 159 
109 3 5 14 18 24 26 27 29 30 33 36 39 45 47 51 53 57 60 77 78 82 84 85 88 93 99 105 107 108 114 124 133 136 142 148 154 157 
110 9 23 26 40 41 50 59 67 77 87 88 91 95 97 108 111 122 125 130 132 134 135 140 141 150 157 
111 4 5 24 31 41 42 46 67 69 87 99 100 101 132 134 141 142 148 150 153 
112 6 10 16 18 20 22 35 44 48 49 50 51 57 58 74 86 89 92 99 100 113 116 123 133 135 136 147 148 156 
113 0 9 17 18 19 24 37 39 40 44 49 50 52 54 68 69 76 82 83 92 97 104 117 123 126 131 136 149 153 157 
114 7 8 9 19 21 24 28 40 43 59 64 66 71 73 86 90 94 103 113 123 125 127 129 131 133 138 147 148 
115 1 4 5 9 13 18 43 46 49 50 54 67 76 79 81 92 95 96 102 106 122 123 127 128 143 149 151 155 158 159 
116 4 7 10 11 16 23 31 36 44 45 47 51 53 57 65 76 84 91 92 96 104 111 133 134 140 141 142 151 154 
117 1 6 13 14 22 28 39 41 64 67 76 79 81 88 96 105 106 108 110 112 116 118 134 145 146 147 
118 0 1 2 3 10 19 22 23 29 35 41 48 50 51 53 62 79 84 87 91 94 97 101 103 111 126 130 136 139 140 145 146 152 158 
119 8 10 15 18 51 53 64 70 82 84 111 121 122 128 140 141 146 147 150 
120 10 16 18 33 38 40 41 53 54 55 56 63 73 87 91 93 97 102 108 113 115 117 118 122 123 126 133 136 145 148 
121 2 5 7 12 13 19 22 27 38 42 43 57 59 74 77 80 98 106 115 116 123 127 136 137 143 146 148 
122 8 18 24 25 50 58 66 68 79 80 82 83 85 90 92 93 97 107 110 121 123 124 127 130 131 132 136 142 151 153 155 
123 1 6 11 20 22 24 27 28 33 36 37 49 52 57 67 69 71 74 82 95 99 104 109 118 124 
124 4 17 18 28 35 41 59 61 68 69 70 73 76 77 93 102 111 117 121 127 128 134 135 139 144 155 159 
125 2 5 9 10 15 24 36 43 45 47 50 55 57 68 78 86 94 99 104 113 116 121 123 134 136 137 147 155 157 158 
126 5 7 11 12 24 34 58 59 70 75 78 79 86 91 98 108 109 113 124 129 131 136 141 148 154 155 158 
127 4 14 26 28 36 39 43 69 77 78 98 99 100 102 104 107 122 123 132 142 143 150 151 156 157 
128 1 2 5 8 10 27 32 57 60 70 74 80 81 83 91 121 134 136 137 151 
129 18 20 24 34 35 66 72 74 76 77 82 83 85 91 96 100 106 109 115 116 128 135 136 140 154 157 
130 3 8 9 24 25 34 36 41 45 49 50 51 53 57 59 74 75 78 80 81 98 99 102 112 115 120 128 140 143 147 159 
131 0 6 11 20 25 28 35 41 45 53 55 56 76 88 92 100 120 121 129 130 141 148 151 154 155 158 
132 0 1 5 6 23 24 37 40 47 61 71 72 82 83 90 92 94 104 115 121 134 159 
133 6 9 13 15 18 21 35 38 39 42 43 44 50 52 55 65 78 79 85 88 100 107 115 121 129 141 142 146 148 149 152 156 158 
134 8 22 27 28 36 38 52 57 62 68 70 77 80 89 92 99 101 102 105 110 140 152 153 157 
135 3 6 11 13 15 24 25 31 35 49 60 65 78 85 87 92 95 105 109 116 127 129 132 137 141 142 145 153 154 155 
136 14 22 30 34 51 52 53 57 70 71 73 77 83 85 86 90 92 93 99 101 105 111 114 123 124 126 131 133 138 145 146 159 
137 5 9 20 36 53 58 69 72 75 80 83 94 105 113 114 119 122 154 155 
138 3 9 31 32 36 39 48 56 57 59 60 63 77 85 86 89 91 106 107 113 116 119 124 129 131 133 134 145 146 148 
139 6 7 19 25 28 32 33 34 39 41 45 46 52 53 57 73 75 77 85 87 102 108 109 121 125 126 127 134 135 136 140 141 146 149 
140 2 13 14 25 34 38 39 41 46 55 63 75 77 82 88 90 103 105 106 115 118 121 123 126 132 138 
141 4 12 18 19 26 42 44 51 54 60 65 66 85 86 94 102 117 126 130 132 135 139 144 145 147 148 149 154 158 
142 8 15 19 22 27 28 30 38 42 44 47 50 62 63 67 75 86 89 90 91 99 100 111 114 116 117 125 135 141 146 153 156 
143 25 31 43 46 51 52 54 60 69 76 83 90 100 107 122 125 136 137 142 147 152 154 157 
144 17 19 20 56 71 74 83 90 91 99 105 108 112 117 134 136 138 151 152 
145 2 6 9 10 23 48 54 56 57 60 71 76 80 87 89 92 103 108 112 115 117 122 131 134 139 150 151 152 
146 4 8 10 11 16 22 27 36 68 71 88 90 91 96 98 100 101 106 113 114 116 117 125 134 136 140 
147 11 19 20 27 29 37 43 44 45 54 55 57 64 68 72 74 77 83 94 97 99 104 112 126 130 135 138 141 142 144 148 154 155 
148 0 3 4 10 12 20 22 24 30 34 40 43 46 47 52 63 65 69 74 76 82 98 104 111 117 120 122 125 128 129 136 141 142 146 153 158 
149 0 3 10 13 16 22 23 36 37 38 41 42 57 65 77 87 98 103 131 140 145 153 157 
150 1 3 5 11 18 20 21 39 41 42 45 47 48 50 51 56 58 61 62 65 71 72 76 77 79 81 82 83 94 97 106 107 110 126 137 149 158 
151 1 3 11 15 17 19 36 37 44 47 49 53 64 69 79 80 85 100 107 109 111 113 114 119 124 125 130 133 141 148 149 150 152 
152 5 6 9 10 11 15 19 22 24 26 31 43 46 48 54 59 60 62 64 73 85 89 95 97 98 113 116 120 124 125 127 129 133 134 136 137 140 143 154 158 159 
153 0 4 16 32 39 48 52 57 59 63 76 78 79 80 81 85 93 104 105 108 116 119 133 142 146 149 158 
154 9 15 16 17 22 24 26 28 30 37 38 46 49 52 56 67 79 80 81 84 125 133 136 139 140 142 146 156 
155 5 15 19 22 26 28 29 36 37 42 43 50 58 60 61 63 71 73 74 80 81 88 90 92 98 106 107 110 111 112 119 120 128 151 154 156 158 
156 3 6 7 10 30 41 51 56 59 65 66 84 89 90 98 107 108 109 110 121 127 130 133 135 141 152 
157 4 11 19 23 24 30 31 45 50 53 54 55 63 75 82 83 91 95 97 99 102 109 113 115 117 118 133 134 138 145 151 155 156 
158 11 14 23 27 28 35 45 46 60 73 76 90 98 106 109 115 118 129 131 132 139 142 148 153 155 
159 6 28 29 30 46 55 60 61 73 79 85 90 95 102 106 152 153 
