0 1 5 9 11 16 17 18 20 21 22 24 39 40 58 64 68 70 71 82 84 85 88 91 92 99 102 118 120 122 131 132 144 147 
1 2 5 6 10 11 18 20 21 22 28 30 32 35 39 45 51 54 67 74 86 96 101 118 122 130 133 145 146 
2 0 3 5 12 16 24 29 37 41 55 60 78 86 107 112 122 128 133 135 139 145 152 153 
3 4 6 24 25 28 30 32 36 37 39 40 48 50 56 58 68 72 75 76 77 87 88 94 106 113 122 128 129 138 145 
4 2 5 8 9 13 14 19 23 29 36 43 44 49 53 55 56 62 67 70 71 77 88 92 94 105 112 119 131 134 138 140 144 147 
5 2 13 14 18 23 24 29 35 52 100 103 104 108 113 123 135 145 150 
6 9 24 30 34 35 39 42 54 64 66 67 78 81 85 90 95 100 103 115 116 127 129 138 147 
7 6 8 9 12 18 25 26 43 45 60 68 70 72 91 96 98 112 120 122 125 126 129 132 
8 3 10 20 23 27 29 39 43 50 52 78 79 80 82 85 110 113 126 129 140 141 144 
9 4 7 8 10 21 24 28 29 32 37 47 48 55 58 61 67 69 79 80 85 88 90 96 97 111 112 113 116 117 119 122 124 125 134 142 144 145 147 159 
10 4 8 13 28 34 35 45 47 51 54 56 57 63 66 69 70 81 87 93 96 100 112 115 118 121 122 131 132 139 143 148 150 152 154 
11 0 6 9 10 12 21 22 25 36 46 70 77 90 104 105 118 122 123 129 132 138 140 149 158 
12 9 16 17 18 20 26 29 30 33 36 38 39 45 48 52 53 55 58 66 72 78 80 86 93 95 97 100 101 102 107 111 121 133 138 150 154 
13 0 2 6 8 12 17 19 20 24 29 38 41 50 57 71 74 75 78 81 86 90 105 109 110 115 116 119 122 124 134 143 148 151 153 158 159 
14 9 10 12 22 23 24 51 52 54 63 69 70 72 105 111 121 126 
15 13 19 20 22 28 30 31 37 45 55 67 73 76 77 86 89 94 101 102 109 110 116 125 136 150 151 155 156 
16 2 3 4 10 28 32 38 39 40 50 65 72 76 80 81 82 85 90 91 100 113 122 130 133 134 145 152 153 
17 0 3 39 54 68 72 75 88 91 106 114 130 131 135 139 146 
18 0 8 10 33 35 38 55 59 70 80 87 90 92 100 102 103 112 119 121 131 132 136 137 146 153 154 
19 0 1 4 9 12 17 18 36 39 44 45 52 59 60 62 65 67 69 74 79 83 88 89 95 101 102 112 120 125 126 131 145 147 150 151 157 
20 2 3 8 9 24 25 32 36 40 42 54 55 65 66 70 71 77 79 88 97 115 124 129 135 142 146 148 150 152 153 
21 1 3 4 8 16 17 23 30 35 37 44 45 49 51 54 62 63 77 87 92 94 99 102 108 115 119 120 123 125 126 127 132 153 157 158 
22 13 15 17 23 27 32 53 54 57 61 71 72 74 86 102 104 110 111 116 121 123 126 130 131 140 142 151 
23 3 8 11 14 15 17 18 19 28 39 54 55 58 61 72 76 77 83 86 87 89 97 113 119 123 124 126 128 131 136 138 139 149 151 156 159 
24 2 4 6 7 12 15 18 27 31 41 45 49 57 62 68 70 92 97 101 109 120 124 134 141 142 145 146 148 
25 14 15 21 28 30 32 33 37 38 46 52 56 59 65 76 86 94 95 97 103 104 109 113 117 121 122 129 130 132 133 137 144 146 156 157 
26 7 11 20 29 31 32 46 48 55 76 79 86 88 89 97 98 108 109 110 113 118 121 123 140 143 149 153 157 
27 1 2 16 21 22 33 37 39 41 43 44 45 59 60 67 78 79 84 90 96 101 106 109 110 114 119 123 124 130 146 147 157 158 
28 5 22 46 48 54 57 80 82 88 103 106 115 117 120 123 132 135 143 149 151 153 155 
29 4 6 17 20 25 47 49 51 56 58 61 72 76 87 90 98 99 100 124 125 127 131 136 137 148 159 
30 4 5 9 10 13 19 23 25 28 61 70 71 77 100 103 118 123 143 149 
31 5 11 18 21 29 35 40 54 57 61 62 77 78 79 87 88 89 92 100 111 120 121 123 126 127 134 135 136 140 150 158 159 
32 1 2 9 10 20 26 36 40 49 67 76 80 81 97 102 119 134 138 148 
33 4 9 17 22 34 42 44 52 62 65 69 72 77 86 87 89 90 91 92 93 97 100 104 122 123 125 130 131 134 135 149 155 
34 1 4 13 19 27 29 33 39 45 51 54 60 61 62 72 80 83 87 94 119 122 124 136 145 152 
35 0 10 11 12 24 30 41 47 50 54 58 67 69 71 72 75 80 87 92 93 95 111 122 124 133 137 149 150 151 152 
36 4 7 8 16 20 27 33 34 40 45 50 63 69 77 87 91 92 101 120 131 133 145 149 155 158 
37 8 12 14 18 24 25 27 36 40 42 44 59 79 84 86 89 96 99 105 113 115 119 126 128 149 150 
38 2 5 7 8 16 22 24 27 55 65 67 68 71 72 74 75 78 80 84 91 99 101 103 105 108 110 111 113 122 126 129 132 135 140 156 158 159 
39 2 6 11 17 27 54 59 61 64 65 84 86 91 92 96 97 100 101 103 104 106 115 131 133 135 137 147 148 151 156 
40 0 4 9 12 19 35 37 38 41 57 64 73 79 81 84 86 92 104 106 113 118 119 120 128 130 131 132 136 146 153 155 157 
41 3 10 19 26 29 30 31 33 36 62 70 71 75 81 86 96 99 104 106 110 113 130 136 143 
42 2 4 16 19 29 34 44 47 48 51 73 87 88 91 98 102 106 111 114 122 128 130 144 148 149 152 153 
43 3 4 5 25 33 34 44 46 47 56 57 66 67 71 77 80 86 88 91 100 117 118 127 137 142 150 157 159 
44 14 16 20 28 31 38 41 45 51 52 54 56 61 62 69 78 87 88 89 90 96 121 131 132 135 136 137 139 141 152 154 
45 12 17 21 25 28 29 39 40 42 47 48 57 58 59 60 69 72 78 88 90 93 99 113 120 122 127 131 135 136 139 
46 4 5 8 40 52 59 63 76 78 79 101 102 108 115 119 122 135 151 152 154 158 
47 4 5 6 8 12 21 25 26 36 40 53 61 69 70 83 90 99 101 102 104 108 122 123 124 137 140 142 143 151 153 
48 1 6 23 41 42 45 50 55 56 60 66 69 83 114 131 133 144 148 149 152 
49 5 11 13 19 25 26 27 33 36 53 57 67 75 76 81 84 88 90 101 102 103 104 109 116 117 119 120 122 137 139 141 144 151 156 
50 0 6 10 14 18 22 29 39 40 43 44 54 56 57 58 67 70 83 84 86 88 94 100 105 110 118 123 124 125 135 141 142 146 149 153 154 
51 3 21 22 24 25 26 27 33 34 36 37 38 41 48 53 57 59 65 70 74 80 81 85 88 95 97 103 117 121 122 125 127 134 140 141 152 154 
52 8 10 15 16 22 29 36 37 38 46 54 60 68 69 72 81 90 100 108 114 118 120 123 124 131 134 140 142 143 148 151 158 
53 5 15 21 26 27 30 35 40 46 49 54 65 69 78 83 86 89 92 95 102 105 120 133 136 146 147 149 156 158 
54 0 6 8 9 22 23 32 39 40 44 45 68 75 83 84 86 87 91 101 103 104 110 115 126 130 132 151 155 
55 28 38 50 52 53 65 70 79 80 82 85 87 91 96 98 117 126 129 130 133 134 135 139 140 144 147 154 155 
56 0 6 14 16 18 21 26 31 33 36 42 45 48 49 59 61 64 66 71 77 82 90 92 103 108 109 112 113 118 121 123 124 127 131 135 137 139 142 152 155 156 
57 0 3 4 6 7 8 16 24 26 27 35 42 58 60 63 73 79 82 90 92 98 99 109 114 115 119 122 123 124 125 135 137 138 141 150 151 156 
58 3 6 8 10 11 19 21 28 32 37 49 51 56 62 65 67 68 72 93 98 101 103 105 111 112 115 117 130 132 134 143 153 
59 1 2 6 13 22 25 35 45 52 63 67 77 82 84 88 91 92 95 98 110 113 119 129 136 137 138 143 152 154 156 158 159 
60 3 11 13 14 19 21 28 43 45 47 54 55 62 63 75 85 87 91 92 100 117 123 134 141 147 153 155 
61 6 13 17 20 31 35 45 47 53 62 88 107 115 116 121 123 133 136 138 141 142 147 151 154 155 157 158 
62 5 6 10 23 26 31 43 50 54 57 91 107 111 120 127 131 133 152 154 
63 7 8 12 22 38 43 44 50 68 69 71 74 76 83 86 94 109 116 120 123 126 127 131 143 150 151 155 156 
64 8 19 20 28 41 52 60 67 69 74 80 90 98 116 118 120 132 136 145 149 154 155 156 
65 9 27 28 44 45 48 54 60 66 67 69 70 72 74 75 76 87 88 98 115 116 119 122 123 131 132 138 139 146 147 151 155 
66 4 5 10 11 16 23 27 40 41 48 49 72 78 88 91 93 97 106 115 128 129 133 137 140 141 147 151 
67 0 6 9 14 24 25 27 37 38 42 44 58 69 76 78 83 90 91 93 103 113 122 127 130 133 135 137 146 148 153 156 157 
68 1 3 5 7 15 16 17 22 32 35 41 43 47 48 57 67 88 89 92 93 106 112 118 128 136 137 
69 8 10 15 21 23 26 29 31 34 40 47 61 82 86 88 92 93 95 109 114 115 117 121 123 130 133 139 140 143 149 151 156 157 
70 2 4 7 8 10 17 31 33 37 42 46 49 56 59 65 67 68 69 76 78 79 83 87 90 96 108 111 115 129 130 132 136 142 144 146 151 152 
71 5 24 26 31 48 61 70 77 79 88 92 94 99 112 117 121 130 135 140 141 143 145 147 148 149 150 151 
72 0 1 11 13 25 30 31 32 39 45 50 80 99 101 104 105 106 107 121 128 150 152 154 
73 1 3 7 14 16 30 48 63 70 77 80 85 88 90 91 99 103 106 107 113 130 133 134 147 149 156 157 
74 12 34 37 38 47 54 55 56 61 72 73 78 80 91 98 101 107 116 128 129 130 135 137 138 141 155 157 
75 1 3 6 12 17 26 27 33 40 43 44 46 63 72 81 84 95 98 100 102 107 110 113 115 120 125 127 129 130 135 145 150 155 158 
76 3 5 7 9 10 27 31 46 47 49 54 56 60 64 71 72 75 79 81 84 85 91 103 104 109 111 113 119 120 124 131 132 135 142 153 155 
77 3 7 9 13 20 23 24 37 38 42 51 53 54 74 82 85 98 103 107 121 129 136 137 147 148 154 157 159 
78 18 19 20 22 25 37 40 41 43 45 51 58 72 81 86 87 88 89 124 127 131 133 147 148 153 
79 8 11 12 20 53 66 74 75 76 83 87 88 95 109 111 121 133 135 139 150 153 
80 4 27 32 34 54 60 64 66 70 73 87 112 118 130 145 147 149 153 156 
81 6 20 64 74 75 78 93 94 96 104 109 117 122 125 134 137 138 140 141 147 148 153 
82 5 18 20 30 32 44 65 71 78 90 95 100 104 105 110 111 113 120 149 157 
83 2 4 7 8 12 15 16 17 21 22 28 32 38 43 50 58 64 76 91 93 95 103 105 108 109 125 138 149 154 155 
84 3 13 24 31 34 35 39 44 54 55 69 70 73 77 79 81 86 97 98 100 107 118 119 125 129 136 140 143 157 
85 1 4 8 11 12 15 18 25 29 30 37 47 55 63 69 74 78 81 83 87 90 94 97 99 100 102 111 120 125 129 136 140 147 151 153 158 
86 5 25 27 35 41 46 50 51 58 61 63 67 68 71 77 78 85 87 89 97 100 103 105 109 110 117 124 129 135 138 142 143 149 155 156 159 
87 0 8 14 16 19 27 36 39 40 43 49 55 63 65 69 71 73 75 84 91 107 115 118 123 137 140 152 
88 11 16 17 18 21 25 27 31 37 44 46 47 55 61 63 65 69 77 80 94 100 103 106 107 112 115 116 117 137 139 144 146 148 151 153 156 158 
89 11 13 19 36 37 38 39 42 51 54 55 57 58 62 64 66 73 75 76 78 91 93 101 106 109 111 113 127 128 135 138 139 142 144 150 151 152 154 155 156 158 
90 2 11 19 26 28 32 44 45 48 57 62 65 70 71 75 76 77 88 96 99 103 106 108 113 121 130 131 138 145 153 
91 7 17 19 34 47 56 62 65 68 69 71 75 76 80 82 83 84 96 103 105 113 128 129 131 152 156 158 
92 0 1 6 7 16 39 40 44 47 51 54 59 70 72 73 75 85 91 95 103 108 111 116 117 120 125 127 131 136 141 154 157 
93 5 10 13 19 20 21 22 28 40 43 47 49 52 64 67 74 75 76 91 92 98 108 109 114 116 117 120 126 138 139 142 146 150 152 153 
94 8 12 14 23 26 29 30 35 40 47 51 53 55 59 60 62 65 66 67 72 82 97 102 103 105 106 107 108 110 124 125 126 134 158 
95 4 9 10 29 38 44 47 57 58 67 68 69 77 86 99 119 122 124 147 159 
96 11 16 21 27 39 52 53 54 57 82 99 103 109 121 122 
97 0 1 3 7 10 11 19 22 23 33 37 41 48 49 52 54 67 68 74 91 100 114 115 120 125 126 130 133 138 144 152 153 155 
98 1 5 7 8 20 33 42 51 52 55 73 74 75 80 83 84 95 96 124 126 130 133 136 148 151 153 
99 27 34 35 37 44 45 47 54 63 77 78 85 86 91 103 108 109 112 125 132 133 136 142 152 156 157 
100 0 11 14 15 29 32 33 39 45 49 62 67 68 89 92 96 99 101 116 120 123 126 136 141 143 146 150 156 158 
101 2 12 17 29 32 36 40 44 47 58 63 69 80 87 94 104 118 120 124 144 147 151 152 158 
102 5 8 22 26 33 48 51 52 64 68 73 76 77 82 83 86 87 92 97 98 99 107 108 124 126 130 141 144 148 152 
103 0 1 2 15 19 21 23 29 38 39 45 47 48 69 84 90 91 93 105 110 123 124 125 126 128 131 136 143 147 155 
104 3 4 14 19 24 25 26 27 36 41 43 46 57 65 76 83 84 85 90 96 98 113 116 131 132 133 150 153 154 155 157 
105 6 9 16 17 34 40 60 62 64 66 69 77 79 87 88 89 95 107 109 114 115 118 120 122 123 131 145 147 150 156 157 
106 2 8 11 12 15 18 19 25 36 40 41 56 60 70 73 77 79 81 84 85 94 99 100 101 102 103 104 111 125 136 144 150 154 
107 0 6 9 10 13 15 26 31 42 47 51 53 59 69 70 71 84 95 96 99 100 101 108 110 111 115 117 124 128 129 131 134 145 146 149 150 152 
108 2 10 13 20 22 41 47 58 64 76 93 96 102 109 110 116 118 133 142 143 144 157 
109 3 4 12 13 15 24 28 30 41 52 56 67 69 74 75 78 90 92 93 95 97 108 112 115 119 133 136 140 142 153 155 158 
110 9 39 54 55 63 69 78 86 90 92 94 104 109 111 114 118 121 130 132 134 136 137 150 154 
111 5 12 14 19 25 31 37 40 52 62 72 76 79 82 100 110 114 116 117 119 121 124 134 139 148 149 
112 17 18 23 38 42 56 65 71 81 82 88 92 97 98 103 119 132 133 144 153 156 
113 1 12 16 21 27 37 40 41 48 53 59 60 61 66 72 73 74 83 99 100 120 125 137 139 146 149 150 152 153 155 156 157 
114 19 22 24 29 32 44 48 56 58 62 64 78 85 94 99 103 107 108 115 117 122 124 125 134 143 
115 7 10 16 27 30 35 40 41 43 46 47 51 58 69 71 72 80 90 98 107 110 111 125 129 133 138 146 153 157 
116 4 14 17 18 24 31 40 41 47 48 52 62 67 69 81 87 89 92 93 96 97 99 100 102 106 107 108 121 130 135 146 151 157 
117 2 10 13 19 22 33 41 56 59 66 67 74 77 80 84 85 91 96 100 106 110 124 125 126 128 147 148 149 150 158 
118 1 2 8 9 12 17 20 21 23 24 27 31 35 37 41 53 60 62 80 82 83 92 113 124 127 134 138 141 150 151 
119 5 14 17 19 25 29 32 47 55 56 60 64 66 67 69 71 86 87 90 92 96 98 106 108 111 116 120 136 138 151 152 159 
120 0 6 11 12 16 19 27 29 31 33 42 47 52 54 67 78 89 92 98 99 100 102 103 104 107 108 109 111 112 113 114 118 123 129 140 142 144 148 151 154 155 157 158 
121 0 1 2 14 15 18 19 22 29 32 38 45 50 52 53 56 64 70 71 88 99 102 103 106 119 141 154 157 
122 0 5 10 13 15 19 26 30 34 50 58 65 70 78 79 83 107 112 114 117 120 126 137 138 146 154 
123 13 14 18 23 29 37 43 45 48 54 61 66 69 80 84 89 91 95 103 104 136 140 155 
124 1 2 7 15 17 21 28 31 32 34 39 58 62 69 72 74 75 82 83 84 88 92 101 111 112 115 116 119 123 126 133 143 146 147 153 
125 2 7 20 36 53 55 61 70 81 84 86 92 94 101 132 141 143 154 158 
126 3 7 13 14 23 25 29 31 36 44 45 53 56 68 70 87 95 97 105 107 115 117 130 143 153 154 159 
127 6 9 23 29 37 43 71 76 86 103 106 108 109 115 117 118 123 124 131 135 136 138 139 147 149 153 154 157 159 
128 0 3 23 25 33 55 66 84 85 96 105 106 107 114 117 118 125 130 131 135 136 137 147 152 155 
129 0 1 17 18 19 38 43 51 59 66 74 81 82 90 92 101 103 113 118 128 131 144 145 146 
130 43 45 50 51 55 57 59 65 71 82 98 104 105 106 108 109 113 119 120 121 125 131 132 133 135 138 142 143 144 145 146 152 157 158 
131 2 5 17 21 29 46 49 63 64 69 71 75 77 79 85 86 95 98 99 104 109 110 113 120 137 138 144 146 150 151 152 153 154 
132 4 10 19 28 32 54 61 65 70 74 81 84 85 92 93 98 103 105 106 113 115 122 124 127 129 135 143 146 151 156 
133 12 13 19 22 23 31 37 43 50 53 54 72 74 78 87 96 97 118 122 130 135 137 138 139 144 145 152 156 159 
134 5 7 22 23 24 26 32 39 42 53 86 94 95 98 106 117 118 119 123 130 137 142 143 146 153 157 
135 1 4 5 9 13 14 27 35 45 46 47 54 61 67 74 79 83 90 95 100 102 103 111 115 118 134 138 146 147 151 155 157 
136 1 3 5 10 12 17 22 30 42 49 51 59 61 62 69 72 74 76 77 78 85 88 95 98 99 101 104 108 117 125 138 139 145 148 153 
137 0 2 5 6 8 22 25 26 33 38 51 52 53 55 62 63 66 79 83 90 95 104 105 109 114 116 121 128 132 144 149 150 153 
138 1 3 5 6 7 8 12 13 22 23 26 32 45 49 50 51 62 90 93 95 96 104 109 121 124 125 145 154 157 158 
139 7 9 10 12 31 32 37 41 47 59 61 79 82 86 93 95 98 101 105 111 138 153 154 155 158 
140 9 24 26 28 33 34 35 41 51 56 57 58 65 70 75 80 82 94 95 98 104 117 118 120 130 142 144 145 148 152 157 159 
141 6 12 28 29 31 35 37 55 56 65 70 71 84 88 95 98 109 120 123 125 133 135 137 139 142 148 149 151 
142 5 11 19 20 29 38 40 44 50 52 53 55 67 78 82 90 93 98 114 118 121 123 133 145 153 
143 6 8 12 31 36 40 68 70 75 77 92 101 102 104 119 120 121 122 148 150 155 156 
144 0 2 3 23 24 35 41 48 57 65 69 84 92 102 104 113 114 116 121 123 129 130 141 148 151 157 
145 0 7 10 16 19 25 34 39 41 51 59 60 64 65 68 70 72 74 75 76 82 97 98 102 113 123 124 139 146 
146 4 5 21 25 28 36 40 43 50 74 78 85 97 102 113 126 130 133 150 151 154 158 
147 6 9 11 12 18 33 42 53 59 64 68 74 76 77 81 87 91 92 93 94 95 96 102 114 124 126 127 138 142 144 155 
148 7 8 9 13 20 32 47 48 49 52 57 62 70 89 90 95 96 98 109 110 113 117 124 125 127 128 134 138 144 146 149 150 157 
149 6 13 27 31 33 38 43 48 53 54 57 58 59 71 89 102 105 106 107 110 122 132 138 146 147 153 155 
150 5 14 19 31 36 40 47 55 60 62 66 73 75 80 94 100 102 108 112 113 116 118 121 122 123 126 137 154 
151 1 2 4 20 21 22 28 33 47 49 52 55 57 62 63 64 67 70 73 81 85 94 96 100 103 104 105 106 115 119 120 134 139 141 144 145 147 150 159 
152 3 8 27 31 34 37 38 41 46 52 58 59 62 64 65 83 86 88 94 97 106 111 122 123 124 129 132 141 143 159 
153 0 6 11 14 20 22 23 24 37 38 40 41 52 56 70 77 83 84 91 100 101 122 126 127 131 135 145 147 149 151 157 158 
154 9 10 34 37 39 44 47 51 52 59 60 72 74 78 86 100 108 114 115 117 120 128 130 131 133 134 142 157 158 
155 3 6 9 15 20 23 30 35 46 49 60 61 67 79 81 82 86 90 95 108 110 114 127 135 140 150 
156 19 23 25 26 31 37 40 44 50 52 53 64 66 71 79 88 90 93 94 99 103 112 113 121 122 131 135 139 152 158 
157 23 24 26 29 36 45 55 60 61 65 67 72 78 92 98 110 115 120 121 127 134 150 155 
158 21 30 38 44 47 58 59 61 68 69 70 78 83 90 102 105 120 129 145 150 154 159 
159 13 14 15 23 27 29 41 47 69 73 79 88 94 108 118 121 131 140 143 148 152 155 
