0 7 8 9 13 24 26 38 42 44 69 73 82 89 97 103 104 106 112 123 135 144 145 149 153 
1 2 7 13 14 23 30 32 37 41 44 55 59 61 67 70 74 90 106 108 114 115 129 130 134 137 153 
2 0 4 10 16 23 31 34 38 48 55 56 58 61 64 68 71 72 73 78 83 84 85 88 94 100 103 104 108 122 124 148 153 155 
3 0 5 6 8 24 28 30 32 33 36 40 45 48 52 53 57 74 75 78 79 98 105 113 120 130 131 132 133 144 150 151 
4 11 12 13 15 31 33 39 44 54 56 62 63 77 79 83 92 93 96 98 109 124 135 140 141 142 155 156 
5 4 11 12 18 20 30 42 43 44 48 50 52 54 56 67 68 72 75 82 86 87 93 97 110 112 115 116 128 150 154 155 158 
6 7 8 13 37 44 69 77 80 100 102 107 111 113 114 117 118 121 122 130 135 142 155 156 
7 0 6 10 21 25 32 34 38 39 44 54 58 63 73 75 78 81 82 83 91 93 100 106 107 109 112 113 115 125 131 133 140 155 156 
8 1 2 6 9 13 18 28 30 43 48 50 52 61 64 66 69 72 75 78 82 87 88 93 95 101 116 120 121 135 138 139 140 148 156 
9 4 10 11 15 33 34 35 52 59 61 78 79 80 81 92 96 98 106 108 118 119 123 126 127 132 139 143 158 
10 2 15 16 23 26 31 32 38 42 50 60 72 80 81 85 89 95 97 98 110 112 121 122 135 149 151 152 158 
11 6 8 24 28 36 62 68 72 79 80 90 91 112 115 124 133 134 146 150 151 153 155 
12 0 1 13 16 18 22 23 25 27 34 36 40 44 47 49 53 54 63 77 85 89 100 101 102 103 104 110 124 130 143 150 154 
13 0 7 10 11 24 28 29 39 44 45 49 50 62 66 71 79 85 87 89 94 95 104 115 116 117 123 134 136 150 152 154 159 
14 9 10 15 29 34 36 41 51 52 61 71 73 75 92 99 105 111 117 138 154 156 157 
15 6 24 25 36 41 45 52 54 57 58 70 91 95 111 117 121 136 139 151 152 154 
16 0 4 9 13 22 23 26 37 42 44 51 54 55 59 67 72 75 80 83 85 87 92 103 117 118 121 145 148 
17 0 10 16 23 48 55 65 67 71 81 88 97 112 114 124 134 144 146 147 150 151 152 
18 4 5 14 17 20 23 25 31 33 42 50 52 60 96 98 101 104 105 108 125 131 138 149 153 
19 3 6 7 16 30 32 33 34 45 47 49 64 70 71 73 83 84 94 98 111 118 129 140 151 153 
20 0 2 4 6 10 15 16 21 23 24 30 33 52 53 55 56 57 60 64 68 76 81 82 94 97 99 102 111 114 118 121 122 126 130 138 145 147 158 
21 0 2 3 15 19 22 28 34 42 43 46 50 54 55 57 59 66 67 70 71 72 73 75 77 79 83 86 91 93 96 108 110 115 118 124 133 139 149 159 
22 10 16 23 36 37 42 43 44 57 59 64 67 74 76 79 82 86 89 99 110 116 118 126 132 135 140 145 156 
23 4 6 8 10 11 13 19 24 27 32 34 43 44 48 59 62 66 71 74 79 84 85 92 99 101 104 105 111 116 118 120 121 122 132 135 140 142 149 154 155 157 
24 2 3 11 14 26 28 31 33 41 44 49 54 64 75 79 84 88 94 96 100 101 108 116 134 144 146 158 159 
25 10 15 17 29 31 40 46 49 59 65 81 83 89 90 93 94 103 106 120 122 125 139 149 154 
26 11 16 20 40 41 47 49 54 55 59 67 74 75 84 89 93 95 97 105 114 121 125 127 129 153 
27 2 10 17 20 21 24 32 33 36 42 44 47 48 52 53 54 59 60 68 70 71 74 82 83 90 92 97 98 99 101 106 115 121 126 127 133 139 143 147 153 
28 1 8 9 10 13 16 31 32 34 35 36 38 40 41 44 48 52 53 55 62 64 65 72 81 88 100 117 126 137 139 151 
29 6 10 11 14 21 22 25 53 57 63 68 74 76 95 104 106 111 123 139 141 152 158 
30 1 4 15 20 31 35 46 51 52 53 55 58 74 75 79 99 101 109 111 116 123 125 151 154 157 
31 5 12 13 21 22 23 25 28 37 41 42 47 52 62 70 76 77 79 88 91 100 105 106 110 118 124 133 142 157 159 
32 2 6 10 16 21 22 23 34 36 40 45 49 54 59 68 73 75 102 104 107 116 120 145 147 149 
33 1 4 35 38 41 42 46 48 54 55 58 66 75 81 84 86 92 114 119 125 136 137 140 146 148 155 
34 2 10 14 18 19 20 21 23 37 39 42 49 58 59 63 69 71 81 83 87 94 96 113 114 119 123 128 129 133 136 138 149 153 154 
35 2 11 20 26 42 50 59 60 67 70 74 77 83 89 90 92 102 106 111 116 122 123 147 154 
36 13 24 26 28 30 32 33 37 44 48 50 62 67 72 74 80 83 85 99 108 109 115 119 124 133 137 155 159 
37 4 11 12 20 22 26 34 46 50 53 62 63 68 69 79 80 86 88 90 92 98 100 105 108 113 115 117 124 137 138 146 148 151 153 
38 2 4 11 41 49 58 61 62 63 64 80 85 87 89 95 96 97 115 118 123 130 131 132 137 139 143 147 154 156 
39 1 4 5 12 20 23 30 31 38 42 43 47 52 53 54 68 73 76 81 110 115 119 124 125 126 129 131 132 135 141 148 152 
40 5 6 7 10 12 13 14 18 21 33 35 49 60 63 74 84 87 88 92 93 107 114 120 129 150 152 
41 4 12 18 27 38 39 49 57 64 68 71 72 73 99 104 108 113 116 120 123 126 129 132 135 139 140 141 143 144 149 156 159 
42 3 6 8 10 11 14 21 26 29 30 44 49 52 56 64 72 73 74 77 79 82 91 97 101 103 108 109 116 119 120 121 126 128 131 132 146 148 156 157 
43 0 14 17 19 20 22 27 37 41 44 48 52 61 62 70 73 74 75 82 83 87 91 96 103 106 107 131 140 141 148 150 159 
44 5 14 23 24 40 51 52 62 75 77 78 80 82 85 92 98 99 100 107 109 115 116 123 125 133 136 139 149 154 
45 10 37 50 54 55 63 66 67 74 82 84 86 91 94 113 123 125 140 142 147 157 
46 7 8 12 19 26 33 39 41 42 45 47 63 75 93 108 116 123 132 136 148 150 151 155 
47 6 14 18 26 30 35 37 44 50 51 59 62 68 70 76 95 105 122 126 127 137 155 159 
48 0 1 2 3 7 10 19 25 26 32 34 36 39 41 49 50 53 54 72 74 80 84 87 99 116 120 131 134 153 155 
49 7 8 11 22 38 45 48 60 68 72 73 75 80 84 85 92 99 104 107 109 120 125 132 137 139 140 150 
50 0 1 17 20 22 37 40 44 49 60 72 75 77 79 80 85 88 112 113 121 123 128 130 132 136 141 151 152 156 
51 3 4 9 13 37 45 47 63 64 73 80 82 94 100 104 108 109 113 117 121 141 146 150 151 158 
52 1 2 3 6 30 31 33 37 39 47 60 64 81 89 93 95 113 128 133 149 150 
53 11 12 15 23 24 25 27 34 37 50 59 61 65 66 71 72 85 86 87 95 105 108 110 113 115 118 121 124 126 135 136 139 144 148 
54 1 4 8 9 18 20 27 28 38 41 42 45 53 72 77 85 86 88 98 100 109 112 125 145 151 
55 0 5 8 11 13 18 20 38 39 40 51 53 57 65 77 81 83 84 87 88 106 115 116 118 127 131 132 136 152 157 
56 4 13 18 22 25 31 40 43 62 68 70 74 81 82 96 97 102 104 105 116 119 127 143 150 154 159 
57 1 3 4 5 7 15 21 28 30 36 46 53 65 70 76 81 85 86 93 94 97 103 116 118 122 126 127 130 131 132 133 139 140 142 143 151 
58 19 20 22 23 24 28 34 49 54 55 62 86 94 119 127 129 132 139 150 
59 1 3 4 8 11 22 31 33 35 43 51 55 77 86 91 101 102 105 107 114 115 116 127 136 139 148 153 154 155 
60 3 8 21 22 26 30 38 39 43 48 53 56 58 59 82 84 94 96 103 111 115 116 124 125 133 148 159 
61 3 9 11 17 20 23 24 27 31 32 34 38 39 44 49 56 59 63 65 68 83 100 102 104 111 115 120 126 133 142 143 155 
62 7 9 38 42 49 52 54 56 57 76 77 88 98 100 101 104 110 114 115 123 127 130 134 138 140 142 147 148 151 152 
63 9 26 27 29 34 36 51 54 60 67 68 71 85 86 90 100 103 106 133 139 140 141 148 149 153 
64 8 21 23 25 26 36 37 54 61 67 68 87 89 93 100 102 104 106 108 115 116 119 133 137 156 
65 2 5 18 19 36 38 41 54 56 72 82 83 86 87 90 91 97 107 113 115 116 119 123 137 141 
66 2 6 21 40 45 49 69 74 84 93 98 101 102 112 113 119 125 128 135 138 154 
67 4 18 22 27 29 36 40 43 48 56 60 63 69 84 85 89 96 98 102 107 111 133 139 141 143 149 151 
68 5 13 20 24 29 39 42 48 49 50 52 54 57 58 65 72 76 78 92 93 94 105 126 131 133 138 140 143 151 154 
69 21 29 30 36 38 41 43 52 53 56 60 61 72 86 90 106 118 119 124 130 132 133 138 151 153 154 158 
70 17 31 40 43 50 51 54 65 69 77 78 81 86 92 103 118 123 127 129 132 146 
71 3 7 38 46 49 57 61 64 73 84 85 101 103 110 113 115 119 123 127 129 131 133 134 150 151 153 155 156 157 158 
72 5 12 31 36 39 60 68 74 77 78 80 89 99 105 106 107 108 109 121 123 124 125 128 129 150 
73 0 1 5 8 9 11 12 14 17 30 33 40 47 48 52 54 56 57 59 66 72 75 77 79 84 90 92 93 94 101 105 108 109 112 118 122 127 128 129 135 140 158 
74 2 5 10 21 23 27 32 44 49 51 53 58 60 66 72 84 88 90 92 97 102 116 117 122 124 127 142 143 149 
75 11 14 15 16 17 19 34 45 51 52 53 63 65 67 70 82 83 85 88 89 90 95 99 101 102 106 107 117 122 126 127 132 135 140 143 158 
76 3 5 8 9 10 18 28 29 40 41 45 50 61 68 71 74 78 79 80 89 92 114 115 130 142 143 145 149 153 154 156 159 
77 3 4 7 19 20 24 29 31 45 46 48 49 57 69 73 86 88 89 104 110 115 119 121 126 127 129 134 135 140 142 146 149 150 159 
78 2 8 11 19 20 27 28 34 42 43 45 46 47 53 54 61 75 81 89 92 104 108 116 119 122 123 125 126 130 136 138 139 140 142 149 150 157 159 
79 6 8 22 31 41 50 66 73 75 78 91 93 108 109 122 125 132 138 140 152 155 
80 2 12 24 35 39 53 55 56 67 69 73 75 86 96 116 117 119 133 139 146 147 150 152 
81 1 4 6 18 19 25 32 39 42 43 45 48 49 55 57 58 67 74 76 78 80 82 99 102 107 117 124 131 137 146 147 148 154 157 
82 13 16 18 19 23 24 33 48 54 65 69 72 75 83 87 92 102 106 110 112 114 117 122 126 134 138 141 144 146 147 157 
83 3 5 9 10 14 18 20 22 25 28 31 33 34 44 48 50 55 62 68 78 94 101 105 107 110 111 113 116 119 126 127 129 135 142 158 159 
84 2 20 25 33 35 51 52 54 55 56 57 66 67 76 78 81 87 98 100 113 117 123 127 134 136 142 144 146 155 
85 2 5 12 27 29 44 47 55 77 84 88 91 93 95 98 112 114 115 118 120 122 126 134 140 144 146 147 149 155 
86 1 2 5 11 14 23 32 35 37 41 43 46 57 61 64 66 80 84 87 89 94 95 96 115 119 121 140 148 149 153 154 155 157 
87 4 8 12 14 19 22 24 25 30 34 35 38 47 50 57 62 63 68 71 74 77 79 81 84 95 96 97 100 103 109 121 125 130 133 148 
88 0 1 3 4 5 6 8 9 10 22 28 32 35 37 41 48 50 57 58 59 65 74 78 80 82 84 87 90 91 99 102 105 120 123 126 130 135 141 143 149 155 156 159 
89 2 5 7 9 13 15 17 19 54 62 68 69 81 86 91 92 99 111 114 117 119 121 126 131 133 136 139 146 152 155 
90 0 5 9 11 26 28 33 36 38 39 40 47 49 54 55 58 69 72 74 76 79 82 83 84 88 102 103 108 119 120 124 125 140 144 145 154 
91 2 5 8 11 16 17 23 29 32 33 41 42 46 47 49 52 57 58 77 81 83 84 85 92 99 103 109 113 116 127 129 135 137 139 142 144 158 159 
92 3 10 11 16 27 42 45 59 63 67 70 72 76 80 87 93 98 114 122 123 129 153 155 
93 5 14 22 35 39 45 46 50 72 75 78 84 92 98 102 107 108 117 123 142 146 
94 14 19 26 35 41 63 83 85 91 92 95 97 99 103 105 106 119 136 149 152 154 158 
95 13 14 29 31 41 47 54 56 59 60 62 66 67 70 72 73 78 79 83 84 85 102 106 117 139 141 147 149 154 157 
96 2 6 10 38 43 59 72 73 74 76 82 84 85 91 100 115 116 118 123 133 135 147 149 156 
97 0 1 7 16 17 21 35 38 39 44 49 53 54 55 58 64 68 71 72 73 74 83 93 94 96 105 106 114 121 123 128 130 140 144 145 146 151 153 
98 24 33 43 49 56 60 65 67 68 74 76 78 83 84 87 88 89 90 94 96 108 109 110 123 126 127 135 
99 0 6 10 13 31 46 55 56 61 70 71 76 78 80 88 93 96 98 106 109 116 117 119 120 121 125 128 134 138 146 148 150 152 155 157 
100 6 8 26 27 33 34 50 54 63 64 65 68 82 94 96 97 103 113 118 121 124 131 134 135 138 142 144 148 153 159 
101 36 37 38 41 43 45 47 53 62 64 81 84 89 90 91 96 97 106 113 118 132 134 135 136 143 150 
102 9 10 11 12 13 19 20 24 29 30 32 38 41 42 44 56 62 63 68 72 77 80 84 92 106 109 110 118 122 128 129 141 143 148 150 
103 3 7 11 12 18 19 23 28 36 38 39 40 41 42 43 47 52 56 59 63 68 69 74 75 76 77 90 95 100 112 120 122 124 127 133 151 159 
104 0 6 11 12 15 35 44 52 58 59 66 68 80 81 87 90 92 97 100 105 115 134 135 136 138 139 148 151 152 158 159 
105 3 5 10 23 25 31 37 39 40 48 56 59 65 72 75 100 101 121 125 127 131 136 143 149 157 
106 2 5 8 16 18 28 31 34 39 42 49 51 52 53 55 60 69 70 81 82 86 91 122 132 140 144 153 157 159 
107 5 17 21 24 28 33 38 45 47 52 58 63 75 82 84 85 90 92 95 96 106 111 112 120 121 123 131 142 144 153 157 
108 2 19 26 38 47 53 61 69 70 78 84 105 112 116 134 140 144 157 
109 2 3 5 10 11 19 22 29 33 39 45 52 61 65 66 70 83 88 93 102 106 111 123 126 127 131 136 139 140 142 149 155 156 
110 11 19 26 30 39 43 55 59 60 62 66 68 70 71 77 78 79 84 85 89 92 93 94 100 104 109 116 118 124 125 130 136 139 143 152 156 158 
111 6 8 10 11 25 29 36 38 39 69 74 92 99 103 108 114 115 116 123 126 127 132 137 140 152 157 
112 7 9 16 18 21 23 26 33 37 43 48 52 57 59 64 66 68 72 80 81 82 87 88 101 104 106 114 120 135 147 148 
113 3 16 18 21 23 37 40 43 45 56 60 74 81 84 87 91 101 112 114 123 126 129 133 135 136 138 141 144 155 157 
114 2 6 7 10 11 19 22 25 27 33 35 86 90 92 96 97 99 104 110 127 132 137 140 142 149 152 156 157 
115 6 11 16 20 26 27 30 40 45 46 47 60 61 66 67 68 84 86 87 88 90 94 100 103 104 109 112 113 118 119 123 124 126 130 131 137 140 147 153 157 
116 14 20 22 32 44 55 57 59 61 62 63 81 85 89 95 97 105 126 136 139 142 153 158 
117 0 20 21 26 29 31 41 44 58 59 66 71 82 88 90 91 95 102 107 110 112 125 129 139 
118 12 14 22 30 31 34 48 49 57 58 65 74 75 98 105 107 109 111 112 123 129 135 139 145 147 152 154 155 159 
119 20 42 43 49 54 57 58 68 69 70 75 77 81 85 88 91 92 97 107 113 116 122 124 127 129 146 148 151 153 158 
120 4 9 10 12 15 16 27 28 36 50 54 57 60 66 72 81 91 92 94 106 113 114 117 124 142 144 154 
121 5 8 16 21 25 30 33 44 45 48 50 59 70 74 78 84 102 106 120 125 130 138 140 151 158 
122 0 2 11 12 21 24 30 32 37 40 43 44 46 47 49 54 57 59 64 66 68 76 86 87 88 97 110 114 117 134 135 142 144 146 155 
123 3 8 13 18 21 23 31 37 41 42 50 52 53 66 71 73 97 98 111 114 142 152 159 
124 1 5 7 11 12 13 17 20 22 27 30 31 32 35 45 48 59 65 66 68 72 74 76 82 87 88 89 92 95 98 107 117 129 135 137 140 147 148 
125 7 11 15 18 23 40 61 67 70 74 75 77 79 97 100 109 115 119 145 150 154 156 157 158 
126 3 5 6 7 8 13 21 24 28 30 41 52 58 59 66 86 87 89 90 97 100 105 108 118 121 124 125 130 159 
127 5 7 9 11 15 47 61 69 71 76 79 88 99 100 101 104 110 125 132 139 149 152 154 156 158 
128 0 9 10 43 50 58 64 67 69 72 84 89 96 102 105 113 116 136 138 150 151 
129 2 4 16 21 24 25 26 34 40 44 51 58 59 73 76 83 107 114 116 118 122 123 154 
130 0 9 19 42 53 58 59 61 62 64 67 73 83 94 100 102 103 105 109 117 122 123 124 129 135 144 149 
131 4 16 18 21 22 26 30 32 34 35 44 58 61 71 74 76 77 83 87 88 91 95 96 99 107 109 111 117 121 123 125 130 134 138 139 140 148 153 155 158 
132 0 5 13 20 21 23 24 29 34 37 39 42 60 62 68 78 81 89 93 100 108 109 121 133 134 138 139 143 150 156 157 158 
133 3 4 15 20 22 32 39 43 52 56 58 63 64 68 84 85 92 93 99 101 103 107 111 113 115 116 118 125 132 134 142 145 158 
134 2 13 14 18 24 25 27 34 53 61 67 77 105 109 121 124 130 136 139 140 147 149 155 157 
135 2 3 6 11 13 25 28 33 44 47 51 53 63 65 81 82 92 95 96 100 109 115 116 117 126 131 142 144 146 152 153 159 
136 3 10 12 13 22 26 34 39 41 50 53 58 70 71 72 74 80 84 100 104 116 121 123 124 127 128 130 134 143 145 154 155 159 
137 2 10 19 22 23 26 32 34 37 40 44 54 58 59 60 62 63 65 67 69 87 89 91 92 108 112 120 121 138 141 144 153 154 159 
138 2 4 8 13 30 33 36 41 45 54 55 57 65 72 78 82 84 90 95 100 103 111 129 137 139 148 153 
139 5 10 13 15 17 18 32 38 52 55 58 60 65 67 83 85 92 96 97 106 108 115 123 126 148 153 
140 10 11 17 21 25 30 35 40 43 46 54 61 65 77 94 95 96 99 109 116 119 121 123 138 139 152 153 
141 4 6 8 9 10 20 21 31 34 37 38 47 51 52 57 59 61 65 66 76 79 82 88 91 112 127 130 139 147 152 153 155 
142 7 10 21 30 59 63 73 75 78 79 83 103 110 114 115 116 121 134 136 143 155 158 159 
143 5 13 21 36 57 77 95 103 105 107 110 125 130 131 135 136 138 148 150 158 
144 17 25 41 48 53 55 65 69 71 76 80 81 87 97 100 101 112 119 121 122 123 129 151 153 
145 0 4 6 8 19 21 24 26 27 33 44 70 90 91 112 113 119 124 129 133 136 144 146 150 155 
146 10 36 40 53 57 60 70 71 73 76 81 83 84 86 88 96 98 101 106 109 110 115 116 117 130 134 143 144 148 151 155 159 
147 8 9 10 11 20 25 32 33 40 44 57 64 66 70 75 76 89 92 104 106 115 117 119 123 134 139 149 152 154 158 
148 2 17 20 23 43 46 48 52 58 59 66 72 77 82 83 86 91 92 93 103 104 107 113 115 118 129 136 139 146 147 149 152 155 
149 4 13 23 29 33 34 35 37 38 40 42 46 48 58 61 65 66 69 70 78 90 93 97 111 116 120 125 126 142 143 158 
150 4 6 11 17 20 25 31 37 45 48 49 50 53 54 58 64 65 73 74 76 85 92 102 116 122 130 131 136 137 145 155 159 
151 7 9 14 20 22 34 35 38 39 41 44 45 47 54 56 74 82 83 91 96 106 108 109 110 119 122 133 145 148 154 
152 9 11 20 21 27 36 38 41 42 43 53 71 74 77 82 83 85 101 110 119 137 144 147 150 154 155 
153 0 6 11 13 16 17 21 29 32 35 38 40 43 51 57 61 64 73 75 76 79 80 83 93 95 100 103 107 108 124 132 133 135 140 143 145 146 155 
154 4 8 11 13 27 34 40 51 54 55 59 68 69 81 86 90 94 95 111 112 121 122 123 124 132 134 135 136 138 150 152 157 
155 4 7 8 14 15 18 20 22 30 33 53 64 66 88 98 99 104 112 118 122 123 124 126 131 140 143 144 145 
156 4 15 21 31 34 36 46 47 49 51 53 55 59 61 65 70 80 87 88 93 101 103 109 114 121 125 126 132 142 145 154 157 
157 13 28 31 36 42 45 50 55 56 58 65 69 72 74 75 82 119 124 125 135 146 
158 12 14 20 36 44 55 56 57 74 76 87 93 100 106 107 110 111 126 127 134 146 151 
159 8 10 11 13 38 40 47 52 59 67 72 78 86 88 109 115 118 127 141 151 152 
