0 2 11 17 22 26 33 34 49 58 66 81 85 87 90 117 122 135 136 147 151 152 
1 4 8 25 27 29 38 40 42 48 53 58 72 73 82 88 93 108 113 120 121 123 131 154 
2 3 5 8 9 29 33 36 46 51 55 75 81 82 84 101 104 114 121 123 131 138 139 149 151 154 
3 5 9 13 24 31 37 43 54 56 57 64 88 89 96 97 99 101 106 108 114 128 130 138 140 141 147 151 
4 1 12 15 17 23 25 28 30 36 40 42 44 52 60 61 62 63 64 69 76 82 83 85 88 90 91 93 104 107 112 114 116 132 134 146 153 154 
5 7 8 9 12 16 17 20 26 32 33 42 44 49 58 76 78 80 84 87 96 98 103 113 116 118 123 124 130 147 148 149 153 
6 9 27 29 30 34 38 41 44 50 53 61 68 69 74 81 82 86 93 100 107 119 123 124 127 133 134 137 141 147 152 155 
7 0 2 13 19 21 22 32 38 62 69 75 79 82 88 90 93 96 102 108 113 115 126 130 137 140 144 150 151 152 154 155 157 
8 5 9 13 17 19 21 23 26 32 38 47 52 58 70 76 79 81 82 88 91 97 100 104 129 142 145 155 156 
9 0 1 5 17 19 23 24 33 35 38 45 50 51 55 63 64 71 77 78 93 100 105 111 112 118 120 124 134 135 148 157 
10 4 11 17 21 26 27 32 41 52 59 66 72 75 83 85 86 88 102 106 107 108 115 123 129 131 139 143 147 149 151 
11 9 15 16 21 27 28 40 57 59 61 64 68 71 75 77 82 90 94 97 98 105 107 111 114 121 122 125 136 146 149 150 152 156 157 
12 0 14 28 32 33 38 43 48 56 62 64 65 66 71 82 93 97 98 105 106 107 113 121 125 135 139 143 147 150 152 156 159 
13 6 9 15 24 27 33 37 38 52 55 56 59 62 65 71 73 83 86 88 90 98 99 107 109 114 115 117 148 149 152 157 158 
14 2 3 10 17 18 20 21 28 37 47 52 54 71 72 73 78 83 89 95 108 127 143 149 152 157 
15 3 14 20 41 51 54 58 59 76 85 100 101 103 106 120 121 139 157 
16 26 29 33 37 45 49 52 59 60 64 69 80 86 87 98 99 123 144 146 153 
17 0 13 22 23 33 36 41 43 50 53 55 70 82 98 99 101 103 108 116 122 123 128 129 131 132 147 149 
18 7 11 17 20 22 25 29 33 36 41 52 53 64 66 74 78 92 94 103 112 116 118 135 141 145 154 155 
19 3 6 27 42 44 56 62 63 67 68 69 83 90 96 104 105 106 115 117 118 121 124 128 132 138 139 147 152 
20 0 2 5 7 10 12 16 22 36 39 41 43 44 47 51 53 54 55 64 66 71 76 84 87 91 93 95 96 101 110 112 118 120 124 135 141 142 151 153 156 157 158 
21 2 8 26 32 38 41 42 53 54 63 66 67 78 92 101 107 122 124 130 144 147 157 158 159 
22 4 8 9 14 20 21 24 38 39 43 46 48 64 71 77 80 84 85 88 92 99 101 103 104 110 111 112 114 118 126 134 137 139 141 155 
23 20 22 35 44 45 46 50 51 65 66 70 71 74 81 84 93 94 95 96 111 112 115 119 122 126 132 134 135 137 138 139 143 153 
24 3 5 16 22 25 26 43 46 48 49 51 56 71 79 85 90 91 92 94 102 110 114 119 126 146 147 155 
25 3 5 13 16 17 22 33 36 37 43 48 61 71 81 82 83 84 86 101 116 121 126 131 138 148 159 
26 10 13 18 20 21 23 28 29 30 34 41 47 53 56 65 67 73 74 78 83 86 90 92 101 104 116 117 125 129 142 145 146 156 
27 13 16 36 38 39 40 44 45 48 56 60 62 88 90 92 101 103 113 115 117 126 127 129 135 141 148 
28 5 8 14 15 17 20 40 41 49 53 57 65 66 88 91 93 99 103 111 114 118 129 140 156 
29 7 16 24 34 52 72 83 86 94 99 100 103 111 115 119 123 126 136 157 158 
30 4 11 22 26 27 31 37 41 45 47 50 58 68 70 74 102 104 106 108 109 115 124 131 135 143 152 155 
31 13 20 25 27 29 30 36 45 53 63 68 76 108 118 126 127 132 134 139 140 141 152 155 
32 4 7 10 18 19 21 23 25 26 33 34 37 38 43 55 59 72 80 86 88 96 97 105 106 116 123 128 131 138 151 152 
33 1 3 4 13 24 36 54 60 61 65 73 82 86 92 99 106 107 113 124 139 147 155 
34 3 4 12 22 32 41 43 46 53 54 58 68 70 84 88 100 101 102 105 109 115 116 121 131 138 139 140 148 
35 2 5 6 17 19 20 22 25 26 28 36 40 42 43 56 63 66 81 88 92 94 95 103 106 108 118 126 134 140 151 
36 5 9 16 17 23 27 28 33 34 35 38 41 44 45 48 53 62 66 74 85 104 107 108 110 123 152 155 156 159 
37 14 16 18 30 34 38 47 56 67 75 78 89 92 96 104 107 115 116 120 121 127 128 130 131 133 137 141 148 152 
38 20 24 28 42 43 47 52 53 54 65 67 68 71 82 87 89 97 100 104 109 122 131 134 139 141 143 144 147 151 158 159 
39 12 14 17 20 31 33 35 38 45 51 52 54 63 66 69 72 107 113 117 119 125 126 129 137 141 146 151 154 
40 1 2 14 15 21 32 47 48 51 54 56 59 84 89 98 103 120 129 135 136 137 146 155 
41 4 6 12 16 22 28 29 38 45 46 67 71 77 78 81 87 90 94 95 96 104 106 108 114 117 120 125 126 130 131 133 134 144 146 153 155 
42 7 17 23 24 29 31 44 51 52 54 66 68 70 76 78 82 86 88 91 101 116 137 142 147 151 154 
43 10 11 15 16 21 23 30 31 40 41 45 54 57 59 64 67 70 74 78 79 83 86 91 94 106 117 125 132 138 140 142 153 155 
44 4 13 20 24 26 30 32 38 43 46 47 48 49 52 53 60 62 72 76 85 93 95 97 107 109 111 115 123 124 131 136 139 140 147 156 
45 3 6 14 19 31 36 37 38 39 46 59 60 63 86 91 92 113 114 116 122 124 131 134 135 139 150 151 156 
46 10 18 19 21 24 37 38 39 41 43 51 55 62 70 71 78 92 95 99 105 106 114 122 123 131 140 141 143 149 157 
47 6 11 21 23 24 25 29 36 38 57 61 72 78 91 94 99 103 120 124 127 134 141 
48 6 22 27 28 32 33 36 49 50 58 61 76 80 82 85 99 103 116 122 130 136 140 
49 0 1 2 17 21 22 25 33 36 39 42 44 52 65 72 81 82 112 114 118 131 132 135 145 
50 0 6 9 12 28 36 41 46 48 51 52 53 64 66 68 69 78 80 82 84 87 88 91 97 98 102 108 109 110 115 118 133 144 147 151 152 154 
51 6 12 19 24 26 30 33 37 38 42 43 65 67 68 73 80 84 88 89 94 104 110 124 132 134 142 143 146 149 152 155 
52 14 18 24 26 34 35 55 66 71 82 94 96 103 111 116 119 125 129 131 140 147 148 155 
53 0 2 9 10 24 31 32 35 40 49 61 70 81 84 86 91 100 101 105 108 111 113 121 131 135 136 149 159 
54 3 7 9 16 20 23 25 31 36 48 55 60 64 69 71 72 73 81 86 87 97 99 121 125 134 136 140 143 144 149 151 157 
55 0 2 7 8 12 13 16 19 30 31 36 48 71 78 83 92 95 99 100 101 112 117 118 121 126 127 139 
56 14 21 27 29 30 34 38 42 43 49 50 52 66 70 75 82 85 94 97 98 105 106 119 128 129 131 133 136 140 142 144 148 152 158 159 
57 10 22 24 31 32 42 44 46 63 65 79 83 84 85 87 93 99 121 123 124 139 144 152 
58 4 20 26 28 33 37 40 64 68 71 79 83 90 91 123 126 134 138 139 140 147 150 154 158 
59 4 9 12 17 19 24 28 30 32 44 46 48 52 58 62 67 69 70 72 74 79 90 91 94 96 97 100 103 107 119 123 124 128 133 143 145 149 153 154 
60 10 15 18 24 26 30 46 47 55 62 71 77 97 98 108 109 128 133 147 150 153 154 159 
61 29 35 37 44 45 46 54 57 60 72 76 81 92 93 97 101 109 120 127 130 134 138 139 150 
62 7 11 14 18 23 25 37 38 42 53 55 61 67 73 76 79 83 87 92 100 102 114 115 118 134 137 141 149 151 154 
63 5 6 8 15 20 22 29 30 35 41 44 51 54 56 57 58 59 70 76 85 87 103 107 116 118 121 123 
64 10 11 21 33 49 53 55 67 73 80 81 96 116 123 129 131 132 134 155 
65 4 11 16 37 45 51 55 60 68 76 80 81 83 86 89 92 96 98 99 108 116 129 138 148 154 
66 2 8 9 12 20 22 25 29 30 41 42 49 50 55 56 58 60 61 62 63 76 81 83 92 97 98 101 103 105 108 145 148 152 153 157 
67 0 8 10 11 16 23 34 35 39 46 49 56 57 58 71 72 73 77 79 84 87 88 91 96 98 101 102 104 115 120 121 123 125 132 133 134 135 139 140 145 155 156 
68 6 7 9 10 12 19 20 27 35 37 46 52 55 59 61 62 77 78 82 83 90 99 111 113 114 120 122 125 130 136 142 150 158 
69 10 15 19 33 36 39 45 50 58 59 73 75 78 84 88 89 93 94 95 97 98 99 109 113 115 116 119 122 130 131 132 136 139 142 144 153 157 
70 0 5 6 7 10 13 14 15 20 37 38 39 40 52 54 64 71 74 75 81 82 84 86 93 101 103 108 114 125 126 137 140 141 144 153 
71 5 6 7 10 28 30 33 39 44 49 50 51 55 56 61 80 82 90 91 95 99 108 121 145 146 152 155 
72 2 11 12 15 29 32 33 35 36 37 38 40 41 42 45 46 47 55 56 57 59 65 67 70 73 74 75 77 78 83 87 97 101 102 106 112 114 115 120 127 142 150 157 
73 8 17 24 34 44 45 53 60 64 66 68 81 99 102 104 106 107 114 122 125 131 137 139 143 151 156 
74 0 5 8 13 17 22 30 39 43 47 53 57 58 59 60 62 70 72 79 81 87 93 97 117 118 120 121 130 131 137 144 158 
75 1 4 13 17 32 36 40 47 52 65 68 69 72 80 95 97 101 104 125 143 147 158 
76 2 4 7 10 13 23 33 34 35 36 38 39 41 45 48 57 60 62 69 71 81 88 90 93 95 101 104 109 110 123 142 153 
77 6 11 14 18 31 47 48 49 54 56 61 69 74 76 79 80 89 90 91 93 98 109 110 117 119 120 124 134 135 136 140 156 
78 2 12 23 37 40 41 46 49 56 58 60 61 67 75 83 84 88 98 105 107 111 114 118 121 125 137 141 151 155 157 
79 20 30 38 41 45 52 60 62 71 75 84 87 94 100 110 115 122 123 134 138 139 141 154 158 159 
80 1 3 4 21 40 49 52 54 57 60 66 73 75 88 102 103 104 115 128 135 144 149 150 151 
81 4 6 20 22 29 33 40 50 51 55 56 67 75 77 80 85 94 96 101 104 122 123 129 132 133 138 144 155 157 
82 11 12 21 24 28 64 65 70 75 90 96 112 117 122 140 141 146 155 158 
83 0 2 8 12 14 15 23 31 38 41 47 50 54 59 81 82 86 91 101 113 114 120 127 128 132 135 141 144 145 147 150 153 
84 8 10 12 16 19 20 21 22 33 36 39 45 46 48 55 56 57 65 97 103 104 107 110 115 125 126 129 131 139 151 155 159 
85 6 19 32 33 36 39 42 52 56 57 60 65 68 70 74 75 91 101 108 112 114 117 118 120 133 137 143 146 151 152 155 158 
86 1 12 34 35 39 58 66 67 70 94 104 105 111 114 120 121 134 140 154 156 
87 0 8 20 22 25 42 53 58 59 62 69 70 75 76 79 85 86 92 98 99 101 102 103 105 111 115 117 120 122 126 136 137 138 139 143 145 148 149 153 159 
88 11 20 27 31 33 37 39 57 59 63 64 65 69 73 75 77 84 87 91 97 99 102 103 106 120 125 128 135 139 144 147 151 159 
89 1 5 13 14 17 19 23 37 38 53 61 70 72 73 74 90 104 105 120 127 131 135 158 
90 4 9 16 25 28 39 56 57 59 61 65 71 73 74 77 79 86 87 91 93 99 100 106 107 122 124 130 135 136 140 141 145 
91 0 4 10 13 15 21 22 24 26 30 31 32 35 39 48 53 58 60 69 76 84 85 98 99 105 112 113 122 123 125 127 128 129 132 136 137 138 143 149 151 
92 4 10 13 16 19 22 29 33 42 43 49 53 65 67 73 75 76 78 85 90 99 102 116 117 124 127 134 138 142 143 148 150 153 154 155 157 
93 1 39 40 55 57 59 64 91 96 105 111 121 123 130 138 145 146 150 154 159 
94 2 5 7 14 15 21 26 30 31 39 59 67 73 83 101 103 107 116 118 120 122 135 137 140 146 150 151 154 156 159 
95 6 10 14 19 26 40 51 55 58 60 66 69 76 83 89 122 125 133 134 137 142 149 158 159 
96 3 35 40 43 60 74 81 88 93 98 121 122 123 132 133 135 147 153 155 
97 0 3 11 12 16 28 29 43 64 68 70 83 87 90 103 108 109 115 116 129 138 144 145 148 154 156 
98 11 12 18 22 32 36 38 55 57 58 64 66 67 68 70 75 80 82 83 87 90 91 104 109 111 115 122 134 140 148 149 154 
99 10 14 21 23 28 29 31 34 39 40 42 45 46 54 67 73 75 79 83 84 88 92 102 110 111 112 122 127 139 143 149 157 
100 0 7 16 20 23 29 31 42 44 53 55 59 61 62 66 70 71 83 92 93 98 99 105 109 110 112 114 116 118 123 128 130 145 147 158 
101 1 7 22 25 31 36 37 49 56 73 78 81 92 95 102 107 114 117 133 134 140 141 145 153 156 
102 5 8 20 30 31 32 40 42 60 61 63 67 70 74 76 88 94 103 112 116 119 136 143 149 153 157 
103 8 10 12 13 15 22 27 30 35 36 38 39 41 44 49 52 53 59 61 62 65 69 73 76 83 89 101 106 137 138 139 148 
104 5 14 21 23 25 29 34 44 45 52 62 70 74 96 105 113 126 132 135 146 158 
105 4 5 13 25 30 33 36 38 40 52 57 60 68 82 85 88 90 91 100 103 107 116 123 133 142 145 147 149 
106 0 1 2 6 8 12 15 17 19 24 26 29 33 38 39 43 61 78 84 93 102 103 115 120 125 134 140 144 146 154 
107 18 20 23 30 42 53 66 67 69 77 80 90 93 96 99 104 106 109 119 121 125 127 132 136 141 142 143 149 
108 6 9 22 26 27 28 32 36 43 45 52 56 59 64 75 83 91 92 93 96 99 100 106 109 110 113 114 120 124 130 154 158 
109 5 9 10 22 25 27 39 53 59 80 85 89 90 98 99 104 111 121 135 139 146 150 151 152 158 159 
110 14 20 21 25 29 60 67 68 70 74 91 98 99 117 119 120 132 140 146 150 151 152 154 156 
111 6 11 13 14 26 29 39 44 58 60 67 68 69 70 75 78 82 84 87 92 106 107 115 117 123 125 135 137 139 141 143 147 153 
112 0 3 22 24 25 26 32 40 48 50 51 52 55 58 59 66 70 80 82 88 91 96 98 102 104 105 107 120 128 141 155 156 
113 0 2 3 5 16 17 24 36 37 53 55 57 80 86 91 92 93 96 97 104 110 125 128 129 132 139 144 145 146 154 
114 0 16 17 27 28 34 44 52 53 56 58 65 75 81 82 86 94 100 106 111 112 116 124 128 144 145 151 156 
115 4 16 19 24 30 34 53 60 61 65 74 75 76 82 83 87 93 98 101 105 116 120 125 127 136 142 150 154 
116 0 3 8 9 13 30 32 43 50 51 58 65 74 83 95 102 107 109 121 126 136 144 146 150 155 159 
117 4 20 22 23 33 49 56 79 80 81 86 101 103 110 115 124 126 133 137 138 141 143 147 149 153 
118 1 6 8 13 16 17 29 30 34 35 37 51 53 56 67 68 70 72 74 78 82 84 89 99 100 107 115 116 128 138 145 150 153 154 158 
119 10 21 27 30 33 34 37 38 41 51 54 74 76 77 91 94 101 102 103 108 110 112 123 136 146 156 
120 8 9 13 15 30 55 61 62 70 72 92 94 98 107 108 112 114 116 117 123 125 132 148 150 152 156 157 
121 3 10 12 26 32 42 48 50 61 68 70 79 88 92 94 100 106 111 115 117 119 120 128 129 141 144 145 147 154 
122 18 32 33 37 53 55 60 70 73 76 81 93 96 97 101 102 104 113 128 130 149 150 153 158 
123 3 10 21 24 28 30 36 41 49 58 63 69 91 96 99 103 113 126 130 133 134 147 148 
124 2 3 6 7 8 10 24 29 32 39 41 51 52 63 67 75 81 82 83 89 92 95 98 100 102 118 119 131 134 135 138 147 158 
125 5 13 19 21 24 26 27 34 36 51 63 70 71 78 87 88 96 103 110 112 115 117 122 127 138 140 143 149 150 
126 4 10 11 22 23 29 36 37 39 41 43 46 51 54 55 57 58 60 75 78 101 111 120 130 
127 25 27 28 35 38 39 46 52 61 62 79 83 102 107 123 131 133 135 143 150 153 158 159 
128 8 18 20 22 24 37 42 43 53 56 70 71 84 88 90 91 92 98 101 106 107 108 115 121 122 139 157 
129 4 10 18 20 23 26 32 34 37 48 51 52 53 59 70 74 80 82 85 90 93 98 101 112 113 117 118 120 128 133 136 140 144 150 154 
130 6 32 35 36 40 41 42 53 72 80 81 87 96 97 101 106 109 112 122 123 127 133 146 152 156 
131 1 6 10 13 20 28 29 33 38 44 52 54 57 66 73 94 110 112 122 124 135 145 146 148 
132 1 4 7 17 23 29 32 40 42 59 70 71 73 75 76 102 103 108 109 111 119 126 127 129 137 139 141 
133 1 6 8 18 27 40 43 66 68 78 83 93 96 103 105 106 115 120 124 127 132 138 140 151 155 
134 5 8 10 14 22 26 28 33 34 38 46 49 52 55 57 60 64 67 75 77 80 86 93 94 96 100 107 117 119 121 132 137 146 148 151 152 155 157 
135 4 8 10 11 19 20 22 24 33 37 44 46 50 58 78 80 82 87 92 101 111 116 123 126 127 128 129 133 138 140 141 151 155 
136 1 9 16 35 43 50 52 56 58 67 78 80 82 83 95 97 98 109 116 140 148 152 
137 0 5 11 15 21 31 37 38 42 45 46 48 58 66 73 76 77 80 81 82 84 87 94 95 97 98 114 125 131 139 154 
138 11 12 22 27 28 31 34 36 37 38 39 44 48 49 60 63 64 76 82 83 85 87 93 95 102 110 112 115 119 120 122 129 130 131 132 146 147 159 
139 6 7 8 15 16 26 27 35 39 44 46 53 54 59 62 72 73 87 89 94 103 130 144 147 153 154 155 159 
140 2 5 8 12 15 19 24 35 39 48 49 50 53 59 60 74 76 79 83 102 105 109 112 115 117 133 139 143 144 145 150 152 
141 6 12 13 14 15 25 35 37 41 50 63 67 72 73 81 82 87 108 133 137 149 153 159 
142 9 24 54 55 60 69 76 92 95 98 109 116 124 130 135 139 140 150 159 
143 9 14 20 22 23 26 27 31 38 42 56 62 69 70 84 85 88 90 92 93 104 106 121 126 134 146 156 159 
144 1 7 19 20 34 53 59 66 68 87 96 103 106 108 116 129 138 150 151 
145 2 16 33 44 57 60 65 82 85 88 90 91 99 100 108 116 122 133 144 148 149 152 
146 0 1 21 22 34 35 37 39 44 45 50 58 74 93 109 110 119 123 125 134 143 148 154 157 158 
147 4 7 18 21 23 26 37 56 57 59 61 64 66 70 80 86 97 99 112 114 119 120 125 130 137 138 140 144 152 155 157 
148 1 3 4 6 10 21 26 37 40 44 55 57 59 61 63 68 73 80 89 98 102 117 123 133 137 139 141 147 149 151 156 158 
149 13 16 17 27 28 29 31 33 34 48 51 57 63 70 84 88 93 103 104 107 110 122 123 125 129 133 154 
150 12 48 49 57 65 67 71 78 79 80 85 91 92 100 102 108 112 113 123 130 131 144 145 154 156 
151 2 4 9 16 22 24 35 36 41 46 51 58 66 70 81 83 87 91 102 105 108 123 136 143 144 145 
152 6 10 15 17 19 26 27 32 35 49 54 59 65 95 96 99 100 107 111 114 117 122 128 129 130 131 133 142 143 147 154 
153 0 2 5 7 33 48 49 63 64 73 74 77 93 100 132 140 143 144 156 
154 6 12 23 28 33 34 47 51 52 60 87 89 93 96 104 110 111 127 128 134 135 140 142 143 145 158 
155 3 6 8 11 20 34 44 50 57 67 69 74 78 98 101 105 106 110 125 126 135 138 143 145 149 151 153 154 159 
156 4 18 21 23 24 31 33 49 56 61 64 68 79 83 85 87 94 100 103 106 108 117 128 132 140 158 
157 6 7 8 10 15 19 24 25 27 30 42 53 55 62 66 72 73 75 78 83 86 87 94 101 104 115 120 123 125 135 136 137 138 147 154 
158 20 23 27 36 41 45 46 52 55 66 76 77 88 91 102 114 115 131 134 136 149 
159 6 22 30 41 45 55 57 60 84 90 94 102 104 119 121 124 125 140 153 
