0 8 17 18 26 35 36 51 54 58 64 65 70 74 75 76 80 83 87 91 98 100 103 112 115 123 130 137 147 149 
1 6 7 11 17 21 23 26 35 36 50 51 58 66 68 72 98 105 120 128 136 
2 14 17 25 26 32 37 39 44 53 55 58 82 88 98 99 108 121 122 133 136 137 150 151 
3 4 5 6 7 9 12 15 22 28 31 32 37 42 44 46 48 51 54 55 69 78 83 94 118 121 125 126 128 140 141 144 146 152 154 
4 5 6 21 22 32 33 37 41 52 54 57 71 75 76 79 81 85 87 94 95 97 100 101 102 107 113 128 142 144 150 
5 3 6 11 14 15 21 24 25 41 43 47 50 51 52 54 55 63 68 74 76 85 91 93 98 100 102 104 126 127 136 153 154 157 
6 3 26 36 37 45 70 71 72 74 78 81 86 90 91 99 100 106 109 111 112 117 126 130 134 140 145 146 150 
7 4 10 12 15 16 19 26 27 28 29 34 35 36 37 45 49 64 68 69 70 74 76 78 81 83 92 96 99 103 106 114 115 126 130 131 136 141 146 147 153 
8 13 15 17 21 35 38 41 42 44 58 59 62 63 68 70 73 76 77 78 79 102 103 119 120 122 125 148 149 150 155 
9 0 5 7 8 10 13 37 44 45 48 52 66 70 74 76 81 83 85 91 93 98 103 108 116 123 129 133 135 140 142 146 148 152 154 157 
10 2 5 6 7 9 14 15 17 23 28 35 36 73 74 85 91 93 95 102 103 108 114 116 118 121 134 135 136 141 145 147 148 153 154 
11 0 4 6 12 16 19 31 33 35 37 43 63 65 69 72 79 80 82 85 86 87 98 106 131 133 134 136 138 147 152 158 
12 13 22 26 33 37 39 49 51 57 65 71 72 73 74 75 78 82 85 119 121 123 127 131 132 139 141 148 151 152 158 
13 0 3 22 25 29 34 47 49 55 58 74 77 78 81 84 87 99 100 102 107 114 122 126 131 133 137 139 140 
14 2 5 8 15 21 37 38 43 54 56 58 67 68 70 71 73 74 86 87 91 103 109 120 122 133 134 137 141 
15 2 4 6 9 11 12 18 20 38 45 55 67 68 75 87 111 118 120 121 133 136 155 
16 3 28 40 42 43 49 50 58 65 71 74 84 85 92 100 104 116 129 131 132 136 153 
17 7 20 23 26 28 32 33 40 48 53 64 66 68 73 76 90 92 101 105 107 115 117 129 131 136 144 145 
18 4 6 17 19 20 24 36 48 51 55 62 65 66 69 77 87 101 103 108 114 120 124 139 146 151 
19 5 6 8 9 12 16 18 27 28 37 40 46 54 56 63 64 70 71 73 80 87 93 96 99 101 104 108 109 116 117 119 121 122 124 126 129 133 134 135 149 
20 5 12 18 19 22 23 27 29 45 53 56 57 61 62 64 68 70 80 85 93 94 110 115 121 123 130 138 145 146 150 152 154 155 156 
21 2 3 4 6 7 9 10 15 25 43 44 47 53 61 67 78 82 86 88 89 93 100 115 118 121 137 140 143 144 157 
22 3 7 18 24 30 38 42 46 47 55 61 88 90 93 96 105 120 121 123 124 126 130 133 135 137 142 143 154 156 157 
23 6 14 17 18 24 28 49 54 60 65 72 73 76 83 91 96 98 99 123 130 131 136 142 146 150 153 
24 10 16 18 19 21 23 30 51 53 55 59 61 76 86 88 92 97 100 104 105 111 116 119 122 132 142 146 150 155 158 
25 3 7 14 21 24 43 54 58 60 66 73 78 80 82 83 92 101 104 107 133 135 136 137 138 139 141 143 145 146 147 157 
26 4 6 11 19 20 27 28 30 36 39 41 44 47 48 52 55 59 66 68 73 77 83 85 87 88 102 105 107 114 116 134 138 146 149 150 151 
27 17 19 21 23 24 25 28 31 32 41 44 53 55 62 92 98 100 107 111 115 117 126 129 134 137 139 146 149 152 155 157 
28 1 2 19 30 34 36 37 40 43 45 51 54 61 62 64 67 69 80 81 83 84 89 90 96 98 103 105 139 151 152 
29 17 19 28 31 35 37 40 44 49 53 59 68 75 78 84 88 89 111 121 124 125 130 131 132 139 142 151 154 
30 3 6 15 28 29 31 33 35 39 41 47 51 55 61 62 63 68 70 75 78 83 84 85 87 95 103 110 123 127 132 135 137 150 
31 6 7 9 11 20 24 28 38 43 59 63 70 85 86 88 89 100 107 133 155 158 
32 8 10 19 20 22 27 28 33 39 55 65 67 72 73 74 90 96 97 98 116 117 120 122 128 131 133 134 135 136 137 146 147 153 155 
33 0 1 2 4 16 18 22 25 29 38 48 51 52 67 72 83 85 86 89 90 91 103 118 120 122 123 133 136 138 148 149 151 153 
34 2 4 16 24 25 29 32 36 39 56 60 65 76 97 100 102 115 116 131 134 140 146 
35 2 3 7 8 9 10 13 23 28 38 46 48 53 59 76 78 81 90 94 100 102 110 113 116 117 132 135 137 158 
36 1 2 3 7 8 11 12 16 21 22 24 33 38 41 50 70 75 93 115 116 137 138 141 147 156 158 159 
37 2 5 15 18 21 22 29 30 31 45 46 50 57 66 75 77 84 87 90 93 94 95 103 109 120 123 125 135 151 153 156 
38 0 8 11 18 19 22 25 29 34 42 45 52 53 56 65 68 72 74 80 88 89 91 95 98 102 105 108 119 141 149 153 155 158 
39 2 12 14 19 34 43 45 50 61 64 67 75 79 97 98 100 103 113 128 135 137 142 151 157 
40 0 14 15 16 17 18 22 26 32 37 43 53 61 71 72 75 78 84 91 92 94 102 104 109 113 114 117 131 147 152 159 
41 19 20 43 46 49 55 56 64 65 71 75 80 86 87 91 93 95 96 101 104 111 122 140 142 147 149 152 153 154 
42 5 32 40 44 45 54 62 64 65 67 68 71 76 77 79 80 85 123 127 132 139 142 144 145 153 
43 0 1 7 9 15 16 18 19 25 26 27 33 35 36 46 47 48 51 55 58 73 75 78 81 83 96 100 107 112 120 129 131 133 134 136 137 141 143 149 
44 6 11 12 19 31 35 37 40 46 52 62 64 65 75 76 80 82 83 86 92 96 100 103 107 109 112 115 120 121 134 136 139 142 146 151 
45 15 22 23 24 26 33 35 36 37 38 46 50 52 67 69 73 91 93 94 98 116 119 131 151 155 
46 2 10 11 12 22 28 29 42 58 63 66 71 77 87 98 103 106 107 126 132 134 135 147 158 
47 8 27 30 31 36 41 42 69 72 75 77 83 94 95 103 108 109 111 117 119 120 137 140 148 150 154 156 
48 20 21 22 23 32 34 38 45 49 74 88 89 92 96 106 107 112 115 129 130 139 146 147 152 155 
49 2 5 11 12 13 16 20 23 26 27 29 33 45 46 48 58 60 64 77 89 90 109 123 136 154 155 
50 4 9 10 13 37 40 41 43 53 54 55 56 64 66 70 71 79 87 88 110 113 115 116 120 137 146 157 
51 3 10 11 22 23 26 27 28 45 46 52 58 61 70 76 77 80 84 87 89 90 93 97 99 104 106 111 119 120 121 127 131 150 154 
52 5 6 9 11 17 26 29 35 38 44 53 54 62 76 78 79 90 98 100 116 117 120 122 125 127 128 130 131 135 137 144 155 159 
53 3 5 7 8 12 15 16 20 21 30 32 33 34 46 47 51 56 61 62 69 70 74 76 78 79 84 85 100 105 114 119 128 136 146 152 
54 1 3 6 8 23 24 25 26 35 42 45 55 62 65 68 75 81 83 86 90 91 97 99 106 107 108 111 113 118 121 128 142 146 148 
55 5 7 12 14 15 20 27 39 43 44 45 52 70 73 77 81 82 85 87 99 106 122 123 125 140 144 153 
56 7 32 39 45 47 48 61 62 82 102 109 110 116 120 124 129 145 146 149 152 
57 2 14 28 30 45 53 54 55 60 61 76 88 106 107 111 120 121 122 123 133 136 143 149 
58 5 11 13 22 26 36 42 52 53 60 73 75 79 81 83 85 86 94 106 108 109 110 111 114 122 123 124 125 127 146 153 157 
59 2 25 37 41 44 49 50 58 60 61 64 96 99 108 112 118 125 128 129 131 134 136 146 150 155 157 158 
60 10 28 35 42 43 44 54 57 73 74 78 81 84 86 87 91 93 95 97 98 109 111 118 126 140 141 145 148 149 157 
61 2 7 8 18 22 24 32 37 48 54 64 65 66 87 98 105 106 109 110 113 122 123 126 133 134 138 140 146 152 
62 6 18 20 26 28 30 33 36 40 53 54 56 60 66 71 87 91 94 95 102 104 111 115 121 131 134 137 142 151 158 
63 4 5 14 19 21 37 38 59 62 71 72 74 75 108 119 124 126 139 142 148 149 150 151 153 154 155 158 
64 5 19 23 33 49 51 59 61 66 67 75 80 82 86 87 89 92 114 118 120 131 132 135 144 145 153 154 
65 1 9 17 25 29 48 58 62 72 73 80 82 87 89 96 99 103 104 109 125 139 140 144 145 149 150 153 154 
66 1 2 4 5 7 8 10 12 29 32 36 48 52 54 62 69 75 76 80 95 96 107 109 119 132 138 141 152 157 
67 15 16 18 21 22 24 29 32 41 54 70 72 73 74 79 84 85 86 94 100 118 129 136 137 138 143 154 155 158 
68 0 13 16 24 26 34 38 39 43 44 53 57 59 71 73 74 76 80 90 98 99 117 121 127 128 131 135 138 140 150 153 157 
69 1 7 17 22 23 25 26 28 30 31 33 43 46 49 53 56 75 77 82 87 99 100 101 115 127 131 134 141 143 145 146 149 150 155 
70 6 10 12 17 23 31 46 52 54 60 61 63 65 69 71 73 76 83 87 93 106 108 113 123 124 128 134 140 156 157 158 
71 1 7 9 11 15 18 19 21 26 27 28 36 41 46 49 58 69 73 74 79 82 89 90 91 95 98 103 114 120 125 128 130 141 151 153 159 
72 2 4 7 9 12 14 15 19 22 24 26 31 33 34 35 39 41 43 63 65 73 75 80 81 88 103 106 112 113 124 129 130 132 135 141 147 155 158 
73 2 7 13 22 24 27 29 30 32 35 40 48 54 57 59 76 79 85 86 88 91 105 112 118 119 122 132 138 139 151 153 154 155 157 158 
74 3 4 5 11 22 27 28 31 33 35 36 40 44 55 60 62 63 78 92 95 108 114 121 122 126 128 144 152 155 
75 12 33 60 64 77 81 83 84 87 96 104 111 113 114 122 139 144 145 146 149 157 
76 8 10 11 15 19 26 30 39 46 52 58 59 69 73 74 75 78 84 92 94 96 98 102 103 117 120 124 128 133 138 157 
77 2 11 20 21 39 42 43 44 46 48 59 69 86 89 91 94 105 106 109 114 115 119 131 133 140 150 155 158 
78 7 11 24 27 36 40 44 49 52 59 69 71 74 77 79 81 89 93 98 142 151 153 155 158 
79 4 12 28 31 40 41 54 62 71 72 77 83 86 91 100 106 117 118 132 135 150 
80 1 4 5 26 28 39 40 53 56 59 74 81 84 93 97 103 106 113 118 124 134 150 156 
81 7 16 26 27 28 32 35 43 53 55 66 85 86 90 99 102 105 106 109 112 122 124 130 141 
82 17 24 29 33 34 36 37 38 43 50 55 68 73 75 78 83 90 93 104 106 118 122 135 139 144 145 146 154 
83 2 24 29 32 33 39 47 48 49 57 62 63 65 66 78 81 88 92 95 105 106 111 112 114 120 128 129 131 138 141 143 147 148 149 150 
84 0 6 10 16 19 25 29 35 40 42 45 52 56 58 62 65 69 71 72 77 82 94 96 101 103 108 112 116 121 123 125 132 138 145 147 148 150 
85 0 5 6 11 14 29 37 40 47 49 51 52 60 64 68 69 73 74 75 76 78 86 95 96 98 99 105 115 116 153 156 
86 2 12 18 20 22 34 45 48 53 58 59 61 70 78 81 85 94 98 100 105 110 118 121 134 135 139 142 146 147 148 149 
87 1 5 9 15 20 30 34 38 43 50 51 53 57 66 72 82 83 84 86 94 104 110 113 116 121 136 137 141 146 147 151 157 
88 1 3 5 10 21 30 34 36 77 79 87 109 110 111 114 115 124 127 128 129 135 136 144 146 148 149 155 159 
89 11 16 17 24 27 29 33 34 43 48 50 60 61 63 70 76 81 85 87 92 104 105 138 143 145 148 151 159 
90 2 8 11 12 44 45 46 60 62 63 70 77 82 85 92 95 97 101 103 108 117 128 131 134 137 144 148 150 158 159 
91 4 8 9 13 43 45 46 57 66 69 70 77 79 82 83 85 92 103 106 107 108 110 122 134 141 142 143 150 
92 3 10 13 18 22 33 37 54 65 66 67 74 84 90 94 97 101 110 117 132 144 152 156 159 
93 6 9 13 22 27 35 40 42 51 56 65 71 72 78 81 82 83 87 92 98 100 101 106 115 121 123 134 143 154 
94 11 13 21 23 25 28 34 35 40 45 59 73 76 77 84 97 107 111 119 121 122 123 126 137 138 139 140 141 142 148 151 153 155 159 
95 7 12 27 52 53 62 66 83 94 105 108 110 117 124 134 147 149 152 158 
96 9 10 19 28 35 42 43 52 53 64 81 90 91 98 103 104 108 116 121 134 135 138 140 148 
97 0 2 4 18 20 25 50 53 57 64 65 66 85 86 99 102 107 108 120 125 128 133 150 152 153 154 
98 2 17 23 24 28 34 37 42 48 51 57 62 64 70 91 94 95 100 113 121 122 124 128 130 141 149 152 
99 8 32 40 42 70 79 82 83 88 97 100 104 117 128 133 137 142 157 158 
100 4 7 11 15 17 26 29 32 36 42 47 58 59 62 63 69 72 73 81 84 85 90 95 98 99 103 107 113 116 117 118 122 124 125 130 132 136 142 146 151 152 154 156 157 
101 0 1 4 9 11 22 24 29 34 36 39 40 41 62 64 67 70 82 94 95 100 113 114 117 119 125 126 128 134 136 141 144 145 148 149 
102 0 1 9 19 21 26 30 33 43 50 51 56 60 65 68 70 71 74 81 82 85 86 108 111 121 124 145 148 151 159 
103 1 2 4 5 14 15 19 20 22 27 28 36 39 45 51 64 70 71 72 74 76 87 97 98 111 112 116 119 122 124 129 132 141 143 149 157 
104 2 8 12 13 14 23 24 28 38 43 51 54 63 64 69 79 85 89 99 102 103 110 120 133 141 144 
105 3 5 7 14 15 20 24 25 28 38 40 44 50 52 62 63 72 76 81 83 84 87 101 114 116 118 127 128 143 148 
106 0 5 21 22 23 24 25 30 31 35 37 40 41 43 45 49 56 58 59 87 100 110 123 126 137 139 143 146 151 153 
107 2 4 6 8 9 14 17 18 25 29 36 57 79 81 88 101 105 118 124 126 132 157 
108 2 3 5 9 12 20 21 26 29 45 46 48 52 58 61 65 73 83 99 109 113 125 126 133 137 144 146 154 
109 43 45 50 51 59 61 70 71 73 82 88 91 94 99 105 107 108 118 120 122 124 129 130 135 136 141 142 143 147 153 154 
110 4 18 19 27 28 29 30 34 38 39 40 42 45 50 55 56 57 60 66 72 77 101 102 103 104 117 118 125 130 134 139 156 157 
111 9 21 22 31 36 37 38 44 52 54 67 69 71 76 77 100 102 116 119 124 147 158 
112 0 5 6 8 16 17 20 21 25 51 56 68 74 80 91 101 118 121 122 123 130 135 140 144 149 
113 4 10 11 18 20 25 26 32 34 54 65 74 76 82 83 87 101 102 107 115 117 121 125 141 144 146 154 155 156 
114 0 9 17 18 21 25 27 28 29 32 58 62 73 97 99 100 104 116 117 120 121 124 128 131 134 136 143 147 149 150 151 158 
115 10 27 28 29 33 39 43 51 60 72 76 86 87 89 96 98 99 100 102 106 119 124 125 130 139 
116 0 3 7 8 14 20 28 57 73 75 77 79 84 92 98 101 107 110 117 118 133 134 135 136 138 143 150 152 
117 5 9 19 20 23 24 27 43 49 56 62 64 77 78 83 88 94 96 101 103 106 112 113 114 115 116 119 121 122 126 132 135 140 143 145 152 153 157 
118 1 7 12 13 19 20 21 29 30 47 65 70 74 81 83 97 113 119 120 123 127 130 140 144 147 149 154 
119 0 9 12 19 21 25 26 36 39 40 45 47 53 55 58 62 67 69 72 77 82 83 86 89 90 104 106 114 115 116 117 134 135 137 139 142 147 157 
120 3 9 10 12 19 20 23 25 28 32 33 40 50 51 52 57 59 61 73 75 81 86 95 98 100 101 104 108 113 125 129 137 142 156 159 
121 1 2 9 10 15 31 33 41 46 51 54 56 57 58 60 70 81 83 87 88 109 119 132 134 136 138 140 141 144 146 147 150 153 158 
122 2 3 12 16 25 27 37 38 39 42 61 63 67 73 82 84 85 90 92 94 101 110 118 123 126 129 137 139 144 145 150 153 
123 0 5 10 23 25 34 42 47 55 60 66 67 70 75 77 86 89 91 98 103 111 114 115 116 131 135 136 138 145 147 
124 2 9 11 15 24 33 37 43 49 50 51 52 57 66 73 87 89 90 91 93 102 103 106 125 133 142 145 150 154 157 
125 5 11 14 21 31 34 40 41 43 47 49 71 73 87 100 109 113 114 118 123 126 136 142 148 150 153 154 157 
126 7 11 15 19 23 27 40 50 52 55 67 68 82 92 105 108 110 116 131 132 134 152 153 157 159 
127 12 21 24 35 39 44 53 59 70 74 75 77 85 91 93 103 104 115 116 151 153 
128 21 22 33 48 57 67 71 74 83 96 97 105 112 113 121 123 134 139 154 
129 11 25 33 52 53 56 65 69 71 75 81 82 83 86 88 100 107 108 116 118 119 136 137 146 147 149 156 158 
130 36 38 39 40 51 52 54 59 66 75 80 81 85 90 92 93 94 98 105 108 114 127 128 137 138 147 154 156 
131 0 2 11 26 35 38 39 48 50 53 54 56 62 63 69 76 89 91 94 113 120 122 124 127 137 138 141 147 155 157 
132 1 5 6 10 14 18 25 27 33 35 43 46 47 48 52 56 62 65 85 86 87 100 105 114 118 127 142 147 154 156 
133 1 2 11 17 25 35 40 41 42 50 58 60 66 74 75 76 81 84 85 95 100 109 116 120 123 128 141 142 148 149 151 
134 16 22 32 36 46 54 55 60 66 73 78 80 81 88 89 90 95 96 100 105 119 121 122 135 140 141 145 157 
135 1 3 4 15 18 21 30 36 41 42 44 46 47 49 52 64 73 74 78 79 85 92 94 101 102 107 111 122 129 133 134 138 144 149 
136 5 8 10 43 45 47 54 60 61 62 65 67 75 82 89 93 95 96 110 119 128 129 132 156 
137 1 12 14 15 18 23 31 32 35 37 38 43 60 62 65 79 83 85 91 92 94 100 104 107 109 110 125 128 136 138 139 140 141 142 145 146 151 154 155 159 
138 2 6 13 15 25 26 33 40 48 50 53 58 64 69 70 83 106 110 111 113 114 120 130 134 135 142 146 156 
139 5 7 8 12 15 18 20 27 33 41 49 69 72 76 80 81 85 94 117 121 138 144 149 158 
140 3 6 9 13 21 27 28 31 34 36 39 42 43 50 57 60 62 65 73 74 82 84 92 95 98 105 110 111 119 122 137 144 
141 3 5 6 9 13 14 25 27 29 30 31 39 54 61 68 75 92 97 101 109 112 116 117 122 129 135 140 148 158 
142 19 20 23 26 28 35 46 50 57 61 67 72 74 75 76 85 86 88 89 90 101 109 114 116 120 123 132 143 150 155 
143 5 8 10 11 15 21 25 26 31 36 51 55 58 59 60 72 77 84 90 100 106 107 130 131 134 136 138 146 155 159 
144 8 17 20 34 35 38 41 49 53 65 67 70 74 80 81 102 107 120 123 124 133 135 139 
145 0 2 3 5 9 16 20 38 49 51 66 71 82 86 89 90 106 112 113 116 128 142 147 156 157 158 
146 7 8 9 17 18 19 22 23 26 34 36 53 55 57 59 68 69 83 84 94 100 103 104 109 126 131 132 136 139 148 
147 1 2 9 26 27 49 60 66 71 73 79 82 85 90 96 102 118 124 126 130 138 141 143 155 
148 4 12 13 29 32 35 47 53 56 58 67 71 75 76 84 91 93 94 96 99 103 111 118 124 130 134 139 140 143 153 158 159 
149 5 6 14 17 22 28 32 39 68 72 73 78 79 80 82 83 91 99 100 101 106 108 111 121 127 143 150 152 153 158 
150 0 7 10 12 20 22 26 29 30 57 60 63 65 68 77 84 87 92 93 94 97 108 110 118 137 142 148 156 
151 4 11 22 24 25 31 32 34 35 42 44 46 47 48 65 69 74 78 79 92 97 125 127 135 139 140 144 145 148 152 156 157 158 
152 9 10 11 18 24 27 39 49 50 51 54 57 59 65 70 71 73 74 88 92 97 101 102 111 112 119 125 133 135 145 147 159 
153 15 27 41 45 62 81 99 103 109 112 127 139 145 155 158 
154 2 4 6 8 14 15 25 29 33 37 43 50 60 67 69 70 73 80 82 84 85 91 93 94 120 127 129 138 148 149 155 
155 10 12 31 40 41 42 46 48 50 55 56 72 78 83 89 90 95 108 115 120 124 132 136 142 144 152 157 
156 14 15 26 37 41 42 45 49 52 59 61 62 64 65 75 77 78 79 89 95 101 120 125 132 133 136 140 144 146 154 
157 4 7 20 22 26 36 39 62 63 67 70 86 90 98 101 105 119 123 125 128 137 151 153 155 
158 7 8 12 35 43 45 55 57 58 74 76 82 93 102 108 109 120 123 133 147 155 157 
159 9 27 28 40 42 45 54 57 60 62 63 72 73 74 78 85 90 94 100 103 105 109 123 126 136 140 141 142 150 151 
