(array([  2.24050000e+02,   6.39125000e+01,   8.96656250e+01,
         7.94375000e+01,   4.81250000e-01,   0.00000000e+00,
         0.00000000e+00,   0.00000000e+00,   0.00000000e+00,
         0.00000000e+00,   0.00000000e+00,   0.00000000e+00,
         0.00000000e+00,   0.00000000e+00,   0.00000000e+00,
         6.25000000e-03,   5.50000000e-01,   7.79687500e+00,
         1.62000000e+01,   1.10593750e+01,   5.62500000e+00,
         2.60000000e+00,   1.50937500e+00,   1.11250000e+00,
         1.23125000e+00,   1.46875000e+00,   2.06250000e+00,
         2.82812500e+00,   3.85937500e+00,   5.08125000e+00,
         5.86562500e+00,   6.30000000e+00,   5.89687500e+00,
         4.87812500e+00,   3.64687500e+00,   2.85000000e+00,
         2.60312500e+00,   3.00000000e+00,   2.93437500e+00,
         3.36562500e+00,   3.77500000e+00,   4.15312500e+00,
         4.45000000e+00,   4.79062500e+00,   4.70312500e+00,
         4.58125000e+00,   4.28125000e+00,   3.63750000e+00,
         3.52500000e+00,   3.33437500e+00,   3.71562500e+00,
         3.50625000e+00,   3.96562500e+00,   4.01562500e+00,
         3.89062500e+00,   4.11875000e+00,   4.17187500e+00,
         4.16562500e+00,   4.19687500e+00,   3.86250000e+00,
         3.92187500e+00,   3.71250000e+00,   3.95937500e+00,
         3.82812500e+00,   3.79687500e+00,   3.96250000e+00,
         4.00312500e+00,   3.84687500e+00,   4.25937500e+00,
         4.06875000e+00,   3.93750000e+00,   3.92187500e+00,
         4.10625000e+00,   3.65937500e+00,   4.00000000e+00,
         4.08125000e+00,   3.82812500e+00,   3.90312500e+00,
         3.85625000e+00,   3.83750000e+00,   4.04062500e+00,
         3.96875000e+00,   3.95937500e+00,   4.04062500e+00,
         3.73750000e+00,   4.14687500e+00,   4.02500000e+00,
         4.17500000e+00,   3.89062500e+00,   4.06562500e+00,
         3.83125000e+00,   3.73125000e+00,   4.04375000e+00,
         3.87500000e+00,   3.79062500e+00,   3.97187500e+00,
         3.78750000e+00,   4.01562500e+00,   4.18437500e+00,
         3.90312500e+00,   4.38125000e+00,   3.96875000e+00,
         3.77500000e+00,   3.89375000e+00,   3.85000000e+00,
         3.87187500e+00,   3.92812500e+00,   3.88437500e+00,
         3.99062500e+00,   3.87500000e+00,   3.91250000e+00,
         4.05625000e+00,   4.02500000e+00,   4.00312500e+00,
         3.98437500e+00,   3.83750000e+00,   4.03125000e+00,
         4.10000000e+00,   4.20937500e+00,   3.88750000e+00,
         3.82812500e+00,   3.80312500e+00,   4.02812500e+00,
         3.88437500e+00,   3.96875000e+00,   3.98125000e+00,
         3.97187500e+00,   4.10937500e+00,   4.05625000e+00,
         4.05625000e+00,   3.88750000e+00,   3.93125000e+00,
         3.67187500e+00,   4.04375000e+00,   3.96250000e+00,
         3.77187500e+00,   4.00625000e+00,   4.05000000e+00,
         4.02187500e+00,   4.14687500e+00,   4.07500000e+00,
         3.99687500e+00,   4.03750000e+00,   3.84375000e+00,
         3.91250000e+00,   3.91562500e+00,   3.81250000e+00,
         3.91250000e+00,   3.86875000e+00,   3.98437500e+00,
         4.05000000e+00,   3.90625000e+00,   4.08125000e+00,
         3.95625000e+00,   3.96562500e+00,   3.96562500e+00,
         3.95000000e+00,   3.90312500e+00,   3.92187500e+00,
         4.00312500e+00,   4.01875000e+00,   3.75937500e+00,
         3.99687500e+00,   4.04375000e+00,   3.83437500e+00,
         3.88437500e+00,   3.97500000e+00,   3.86875000e+00,
         4.28437500e+00,   4.07812500e+00,   3.87187500e+00,
         3.93437500e+00,   3.82187500e+00,   3.86250000e+00,
         3.92812500e+00,   3.85937500e+00,   4.02812500e+00,
         3.93437500e+00,   3.95312500e+00,   4.15312500e+00,
         3.89062500e+00,   3.99375000e+00,   4.03750000e+00,
         3.91562500e+00,   3.84375000e+00,   3.75625000e+00,
         3.90000000e+00,   4.10312500e+00,   3.89062500e+00,
         3.95937500e+00,   3.96250000e+00,   3.98750000e+00,
         4.07812500e+00,   3.97500000e+00,   3.76562500e+00,
         3.97187500e+00,   3.87500000e+00,   3.96875000e+00,
         3.84375000e+00]), array([ 0.    ,  0.0025,  0.005 ,  0.0075,  0.01  ,  0.0125,  0.015 ,
        0.0175,  0.02  ,  0.0225,  0.025 ,  0.0275,  0.03  ,  0.0325,
        0.035 ,  0.0375,  0.04  ,  0.0425,  0.045 ,  0.0475,  0.05  ,
        0.0525,  0.055 ,  0.0575,  0.06  ,  0.0625,  0.065 ,  0.0675,
        0.07  ,  0.0725,  0.075 ,  0.0775,  0.08  ,  0.0825,  0.085 ,
        0.0875,  0.09  ,  0.0925,  0.095 ,  0.0975,  0.1   ,  0.1025,
        0.105 ,  0.1075,  0.11  ,  0.1125,  0.115 ,  0.1175,  0.12  ,
        0.1225,  0.125 ,  0.1275,  0.13  ,  0.1325,  0.135 ,  0.1375,
        0.14  ,  0.1425,  0.145 ,  0.1475,  0.15  ,  0.1525,  0.155 ,
        0.1575,  0.16  ,  0.1625,  0.165 ,  0.1675,  0.17  ,  0.1725,
        0.175 ,  0.1775,  0.18  ,  0.1825,  0.185 ,  0.1875,  0.19  ,
        0.1925,  0.195 ,  0.1975,  0.2   ,  0.2025,  0.205 ,  0.2075,
        0.21  ,  0.2125,  0.215 ,  0.2175,  0.22  ,  0.2225,  0.225 ,
        0.2275,  0.23  ,  0.2325,  0.235 ,  0.2375,  0.24  ,  0.2425,
        0.245 ,  0.2475,  0.25  ,  0.2525,  0.255 ,  0.2575,  0.26  ,
        0.2625,  0.265 ,  0.2675,  0.27  ,  0.2725,  0.275 ,  0.2775,
        0.28  ,  0.2825,  0.285 ,  0.2875,  0.29  ,  0.2925,  0.295 ,
        0.2975,  0.3   ,  0.3025,  0.305 ,  0.3075,  0.31  ,  0.3125,
        0.315 ,  0.3175,  0.32  ,  0.3225,  0.325 ,  0.3275,  0.33  ,
        0.3325,  0.335 ,  0.3375,  0.34  ,  0.3425,  0.345 ,  0.3475,
        0.35  ,  0.3525,  0.355 ,  0.3575,  0.36  ,  0.3625,  0.365 ,
        0.3675,  0.37  ,  0.3725,  0.375 ,  0.3775,  0.38  ,  0.3825,
        0.385 ,  0.3875,  0.39  ,  0.3925,  0.395 ,  0.3975,  0.4   ,
        0.4025,  0.405 ,  0.4075,  0.41  ,  0.4125,  0.415 ,  0.4175,
        0.42  ,  0.4225,  0.425 ,  0.4275,  0.43  ,  0.4325,  0.435 ,
        0.4375,  0.44  ,  0.4425,  0.445 ,  0.4475,  0.45  ,  0.4525,
        0.455 ,  0.4575,  0.46  ,  0.4625,  0.465 ,  0.4675,  0.47  ,
        0.4725,  0.475 ,  0.4775,  0.48  ,  0.4825,  0.485 ,  0.4875,
        0.49  ,  0.4925,  0.495 ,  0.4975]), <a list of 199 Patch objects>)