(array([ 4.13125 ,  4.      ,  4.00625 ,  3.846875,  3.803125,  3.971875,
        4.159375,  3.884375,  3.990625,  3.946875,  3.990625,  3.965625,
        3.853125,  3.9375  ,  3.921875,  3.84375 ,  3.9875  ,  3.925   ,
        3.921875,  4.01875 ,  4.03125 ,  3.884375,  3.940625,  3.9875  ,
        3.96875 ,  4.15    ,  3.89375 ,  3.721875,  4.01875 ,  4.0125  ,
        3.9     ,  3.99375 ,  3.95625 ,  3.859375,  4.00625 ,  3.7875  ,
        4.025   ,  4.0125  ,  3.815625,  3.9     ,  4.03125 ,  4.021875,
        4.0125  ,  3.865625,  3.84375 ,  3.85    ,  3.88125 ,  4.078125,
        3.99375 ,  3.95625 ,  4.040625,  3.74375 ,  4.028125,  4.1     ,
        3.94375 ,  3.93125 ,  4.01875 ,  4.121875,  3.7875  ,  3.840625,
        3.78125 ,  3.96875 ,  4.08125 ,  3.84375 ,  3.840625,  3.90625 ,
        3.946875,  4.065625,  4.05    ,  3.815625,  3.9375  ,  3.959375,
        3.996875,  3.84375 ,  3.85625 ,  3.99375 ,  3.95625 ,  3.871875,
        3.925   ,  3.975   ,  3.80625 ,  3.978125,  4.021875,  3.928125,
        3.90625 ,  3.98125 ,  3.90625 ,  4.025   ,  3.71875 ,  3.84375 ,
        4.10625 ,  3.7875  ,  3.86875 ,  4.14375 ,  4.06875 ,  3.825   ,
        3.88125 ,  3.984375,  3.921875,  4.046875,  4.090625,  3.865625,
        3.796875,  4.1     ,  3.803125,  3.990625,  3.828125,  4.040625,
        4.009375,  3.8125  ,  3.9625  ,  4.034375,  3.959375,  4.009375,
        4.04375 ,  3.878125,  3.975   ,  3.884375,  3.778125,  3.9875  ,
        4.05625 ,  3.940625,  3.875   ,  4.0625  ,  4.06875 ,  4.040625,
        3.828125,  4.1     ,  3.71875 ,  3.878125,  3.815625,  4.134375,
        3.69375 ,  3.971875,  3.871875,  4.015625,  3.796875,  4.10625 ,
        3.9     ,  4.11875 ,  3.865625,  3.94375 ,  4.13125 ,  3.9375  ,
        3.734375,  3.984375,  3.76875 ,  3.946875,  3.9125  ,  4.1375  ,
        3.865625,  4.040625,  3.8875  ,  3.959375,  4.01875 ,  3.965625,
        3.78125 ,  3.925   ,  4.      ,  3.9625  ,  3.965625,  3.953125,
        3.928125,  3.8375  ,  4.021875,  3.921875,  3.7875  ,  3.865625,
        3.990625,  4.04375 ,  4.034375,  4.003125,  3.821875,  4.078125,
        3.959375,  3.98125 ,  3.76875 ,  3.684375,  3.9875  ,  3.8875  ,
        3.95625 ,  4.046875,  3.984375,  4.090625,  3.928125,  3.978125,
        3.778125,  3.990625,  3.8625  ,  3.971875,  3.840625,  3.996875,
        4.      ,  4.215625,  3.884375,  3.940625,  3.859375,  3.8875  ,
        3.81875 ]), array([ 0.    ,  0.0025,  0.005 ,  0.0075,  0.01  ,  0.0125,  0.015 ,
        0.0175,  0.02  ,  0.0225,  0.025 ,  0.0275,  0.03  ,  0.0325,
        0.035 ,  0.0375,  0.04  ,  0.0425,  0.045 ,  0.0475,  0.05  ,
        0.0525,  0.055 ,  0.0575,  0.06  ,  0.0625,  0.065 ,  0.0675,
        0.07  ,  0.0725,  0.075 ,  0.0775,  0.08  ,  0.0825,  0.085 ,
        0.0875,  0.09  ,  0.0925,  0.095 ,  0.0975,  0.1   ,  0.1025,
        0.105 ,  0.1075,  0.11  ,  0.1125,  0.115 ,  0.1175,  0.12  ,
        0.1225,  0.125 ,  0.1275,  0.13  ,  0.1325,  0.135 ,  0.1375,
        0.14  ,  0.1425,  0.145 ,  0.1475,  0.15  ,  0.1525,  0.155 ,
        0.1575,  0.16  ,  0.1625,  0.165 ,  0.1675,  0.17  ,  0.1725,
        0.175 ,  0.1775,  0.18  ,  0.1825,  0.185 ,  0.1875,  0.19  ,
        0.1925,  0.195 ,  0.1975,  0.2   ,  0.2025,  0.205 ,  0.2075,
        0.21  ,  0.2125,  0.215 ,  0.2175,  0.22  ,  0.2225,  0.225 ,
        0.2275,  0.23  ,  0.2325,  0.235 ,  0.2375,  0.24  ,  0.2425,
        0.245 ,  0.2475,  0.25  ,  0.2525,  0.255 ,  0.2575,  0.26  ,
        0.2625,  0.265 ,  0.2675,  0.27  ,  0.2725,  0.275 ,  0.2775,
        0.28  ,  0.2825,  0.285 ,  0.2875,  0.29  ,  0.2925,  0.295 ,
        0.2975,  0.3   ,  0.3025,  0.305 ,  0.3075,  0.31  ,  0.3125,
        0.315 ,  0.3175,  0.32  ,  0.3225,  0.325 ,  0.3275,  0.33  ,
        0.3325,  0.335 ,  0.3375,  0.34  ,  0.3425,  0.345 ,  0.3475,
        0.35  ,  0.3525,  0.355 ,  0.3575,  0.36  ,  0.3625,  0.365 ,
        0.3675,  0.37  ,  0.3725,  0.375 ,  0.3775,  0.38  ,  0.3825,
        0.385 ,  0.3875,  0.39  ,  0.3925,  0.395 ,  0.3975,  0.4   ,
        0.4025,  0.405 ,  0.4075,  0.41  ,  0.4125,  0.415 ,  0.4175,
        0.42  ,  0.4225,  0.425 ,  0.4275,  0.43  ,  0.4325,  0.435 ,
        0.4375,  0.44  ,  0.4425,  0.445 ,  0.4475,  0.45  ,  0.4525,
        0.455 ,  0.4575,  0.46  ,  0.4625,  0.465 ,  0.4675,  0.47  ,
        0.4725,  0.475 ,  0.4775,  0.48  ,  0.4825,  0.485 ,  0.4875,
        0.49  ,  0.4925,  0.495 ,  0.4975]), <a list of 199 Patch objects>)