(array([ 176.9609375 ,   40.109375  ,   56.69921875,   55.50390625,
         54.96484375,    0.59765625,    0.        ,    0.        ,
          0.        ,    0.        ,    0.        ,    0.        ,
          0.        ,    0.        ,    0.        ,    0.        ,
          0.        ,    0.        ,    0.        ,    0.        ,
          0.40625   ,    3.07421875,   11.38671875,   15.375     ,
         11.7890625 ,    6.82421875,    3.73828125,    2.08203125,
          1.23828125,    0.828125  ,    0.8125    ,    0.9140625 ,
          0.97265625,    1.2578125 ,    1.5546875 ,    1.921875  ,
          2.65234375,    3.859375  ,    5.171875  ,    6.4140625 ,
          6.9765625 ,    6.51953125,    5.89453125,    4.68359375,
          3.56640625,    2.76171875,    2.18359375,    1.89453125,
          1.875     ,    2.01953125,    2.16796875,    2.4140625 ,
          2.92578125,    3.40234375,    3.87890625,    4.40625   ,
          4.68359375,    5.1015625 ,    5.109375  ,    4.44921875,
          4.34765625,    3.52734375,    3.21875   ,    3.125     ,
          2.796875  ,    2.6328125 ,    2.8359375 ,    2.8203125 ,
          2.953125  ,    3.08203125,    3.52734375,    3.68359375,
          3.8359375 ,    4.1171875 ,    4.42578125,    4.31640625,
          4.09375   ,    3.7578125 ,    3.70703125,    3.47265625,
          3.09375   ,    3.19140625,    3.15625   ,    3.03125   ,
          3.08984375,    3.2890625 ,    3.23828125,    3.6328125 ,
          3.73828125,    3.6328125 ,    3.58984375,    4.015625  ,
          4.07421875,    3.921875  ,    3.84765625,    3.51953125,
          3.58984375,    3.27734375,    3.35546875,    3.5546875 ,
          3.24609375,    3.109375  ,    3.390625  ,    3.54296875,
          3.36328125,    3.5546875 ,    3.87109375,    3.37890625,
          3.73828125,    3.78125   ,    3.66015625,    3.63671875,
          3.77734375,    3.40625   ,    3.421875  ,    3.55078125,
          3.4765625 ,    3.57421875,    3.40234375,    2.98046875,
          3.4453125 ,    3.64453125,    3.4140625 ,    3.7265625 ,
          3.7890625 ,    3.48828125,    3.76953125,    3.64453125,
          3.59375   ,    3.53125   ,    3.43359375,    3.6015625 ,
          3.57421875,    3.6640625 ,    3.36328125,    3.6953125 ,
          3.3984375 ,    3.46875   ,    3.32421875,    3.28515625,
          3.4296875 ,    3.84375   ,    3.765625  ,    3.8671875 ,
          3.66796875,    3.52734375,    3.453125  ,    3.47265625,
          3.47265625,    3.484375  ,    3.5078125 ,    3.85546875,
          3.515625  ,    3.5703125 ,    3.43359375,    3.4609375 ,
          3.453125  ,    3.80859375,    3.55078125,    3.515625  ,
          3.625     ,    3.55859375,    3.40625   ,    3.640625  ,
          3.55859375,    3.49609375,    3.703125  ,    3.5703125 ,
          3.203125  ,    3.3046875 ,    3.61328125,    3.5703125 ,
          3.6328125 ,    3.46484375,    3.65234375,    3.62890625,
          3.69921875,    3.5546875 ,    3.19921875,    3.72265625,
          3.5546875 ,    3.5078125 ,    3.46484375,    3.8046875 ,
          3.3046875 ,    3.64453125,    3.42578125,    3.3359375 ,
          3.65625   ,    3.72265625,    3.64453125,    3.59375   ,
          3.54296875,    3.4453125 ,    3.6015625 ,    3.84765625,
          3.40234375,    3.515625  ,    3.6640625 ,    3.4609375 ,
          3.46484375,    3.37890625,    3.67578125,    3.4921875 ,
          3.4765625 ,    3.63671875,    3.6328125 ,    3.80078125,
          3.6875    ,    3.4453125 ,    3.43359375,    3.59375   ,
          3.625     ,    3.66796875,    3.36328125,    3.48828125,
          3.57421875,    3.58984375,    3.4921875 ,    3.6640625 ,
          3.2578125 ,    3.59375   ,    3.73046875,    3.44140625,
          3.75      ,    3.703125  ,    3.56640625,    3.5234375 ,
          3.55078125,    3.46875   ,    3.51953125,    3.54296875,
          3.47265625,    3.50390625,    3.5625    ,    3.54296875,
          3.5       ,    3.7734375 ,    3.484375  ,    3.671875  ,
          3.67578125,    3.65625   ,    3.7265625 ,    3.48046875,
          3.4296875 ,    3.34375   ,    3.59375   ,    3.4453125 ,
          3.57421875]), array([ 0.   ,  0.002,  0.004,  0.006,  0.008,  0.01 ,  0.012,  0.014,
        0.016,  0.018,  0.02 ,  0.022,  0.024,  0.026,  0.028,  0.03 ,
        0.032,  0.034,  0.036,  0.038,  0.04 ,  0.042,  0.044,  0.046,
        0.048,  0.05 ,  0.052,  0.054,  0.056,  0.058,  0.06 ,  0.062,
        0.064,  0.066,  0.068,  0.07 ,  0.072,  0.074,  0.076,  0.078,
        0.08 ,  0.082,  0.084,  0.086,  0.088,  0.09 ,  0.092,  0.094,
        0.096,  0.098,  0.1  ,  0.102,  0.104,  0.106,  0.108,  0.11 ,
        0.112,  0.114,  0.116,  0.118,  0.12 ,  0.122,  0.124,  0.126,
        0.128,  0.13 ,  0.132,  0.134,  0.136,  0.138,  0.14 ,  0.142,
        0.144,  0.146,  0.148,  0.15 ,  0.152,  0.154,  0.156,  0.158,
        0.16 ,  0.162,  0.164,  0.166,  0.168,  0.17 ,  0.172,  0.174,
        0.176,  0.178,  0.18 ,  0.182,  0.184,  0.186,  0.188,  0.19 ,
        0.192,  0.194,  0.196,  0.198,  0.2  ,  0.202,  0.204,  0.206,
        0.208,  0.21 ,  0.212,  0.214,  0.216,  0.218,  0.22 ,  0.222,
        0.224,  0.226,  0.228,  0.23 ,  0.232,  0.234,  0.236,  0.238,
        0.24 ,  0.242,  0.244,  0.246,  0.248,  0.25 ,  0.252,  0.254,
        0.256,  0.258,  0.26 ,  0.262,  0.264,  0.266,  0.268,  0.27 ,
        0.272,  0.274,  0.276,  0.278,  0.28 ,  0.282,  0.284,  0.286,
        0.288,  0.29 ,  0.292,  0.294,  0.296,  0.298,  0.3  ,  0.302,
        0.304,  0.306,  0.308,  0.31 ,  0.312,  0.314,  0.316,  0.318,
        0.32 ,  0.322,  0.324,  0.326,  0.328,  0.33 ,  0.332,  0.334,
        0.336,  0.338,  0.34 ,  0.342,  0.344,  0.346,  0.348,  0.35 ,
        0.352,  0.354,  0.356,  0.358,  0.36 ,  0.362,  0.364,  0.366,
        0.368,  0.37 ,  0.372,  0.374,  0.376,  0.378,  0.38 ,  0.382,
        0.384,  0.386,  0.388,  0.39 ,  0.392,  0.394,  0.396,  0.398,
        0.4  ,  0.402,  0.404,  0.406,  0.408,  0.41 ,  0.412,  0.414,
        0.416,  0.418,  0.42 ,  0.422,  0.424,  0.426,  0.428,  0.43 ,
        0.432,  0.434,  0.436,  0.438,  0.44 ,  0.442,  0.444,  0.446,
        0.448,  0.45 ,  0.452,  0.454,  0.456,  0.458,  0.46 ,  0.462,
        0.464,  0.466,  0.468,  0.47 ,  0.472,  0.474,  0.476,  0.478,
        0.48 ,  0.482,  0.484,  0.486,  0.488,  0.49 ,  0.492,  0.494,
        0.496,  0.498]), <a list of 249 Patch objects>)