(array([  1.78066406e+02,   4.10039062e+01,   5.69570312e+01,
         5.63828125e+01,   5.59023438e+01,   6.48437500e-01,
         0.00000000e+00,   0.00000000e+00,   0.00000000e+00,
         0.00000000e+00,   0.00000000e+00,   0.00000000e+00,
         0.00000000e+00,   0.00000000e+00,   0.00000000e+00,
         0.00000000e+00,   0.00000000e+00,   0.00000000e+00,
         0.00000000e+00,   1.56250000e-02,   3.71093750e-01,
         3.17187500e+00,   1.19843750e+01,   1.51445312e+01,
         1.22187500e+01,   7.17187500e+00,   3.85546875e+00,
         2.08203125e+00,   1.17187500e+00,   8.55468750e-01,
         6.95312500e-01,   7.53906250e-01,   8.67187500e-01,
         1.28906250e+00,   1.67187500e+00,   2.10156250e+00,
         3.02343750e+00,   3.87109375e+00,   5.37890625e+00,
         6.24609375e+00,   7.40234375e+00,   6.61718750e+00,
         5.87109375e+00,   4.85937500e+00,   3.39843750e+00,
         2.54687500e+00,   2.00781250e+00,   1.98828125e+00,
         1.83984375e+00,   1.97265625e+00,   2.31250000e+00,
         2.78906250e+00,   3.18750000e+00,   3.61328125e+00,
         4.05078125e+00,   4.33593750e+00,   4.93750000e+00,
         5.14062500e+00,   5.00781250e+00,   4.71875000e+00,
         4.35156250e+00,   3.63671875e+00,   3.05859375e+00,
         2.82031250e+00,   2.89453125e+00,   2.56250000e+00,
         2.86718750e+00,   2.97656250e+00,   3.12890625e+00,
         3.18359375e+00,   3.95703125e+00,   3.95703125e+00,
         4.24218750e+00,   4.28125000e+00,   4.06250000e+00,
         4.28906250e+00,   4.28906250e+00,   4.02343750e+00,
         3.58593750e+00,   3.42187500e+00,   3.14843750e+00,
         3.12109375e+00,   3.17187500e+00,   3.14453125e+00,
         3.26562500e+00,   3.28906250e+00,   3.48437500e+00,
         3.71484375e+00,   4.17968750e+00,   3.74609375e+00,
         3.95312500e+00,   4.20703125e+00,   3.63671875e+00,
         3.91015625e+00,   3.89453125e+00,   3.56640625e+00,
         3.39843750e+00,   3.50781250e+00,   3.41796875e+00,
         3.39062500e+00,   3.33593750e+00,   3.53125000e+00,
         3.50390625e+00,   3.75000000e+00,   3.68750000e+00,
         3.83984375e+00,   3.71093750e+00,   3.55078125e+00,
         3.81640625e+00,   3.67968750e+00,   3.46875000e+00,
         3.72265625e+00,   3.98046875e+00,   3.44921875e+00,
         3.58203125e+00,   3.56640625e+00,   3.42968750e+00,
         3.55078125e+00,   3.78515625e+00,   3.41406250e+00,
         3.62500000e+00,   3.74218750e+00,   3.49609375e+00,
         3.70312500e+00,   3.65625000e+00,   3.59375000e+00,
         3.85156250e+00,   3.69140625e+00,   3.83593750e+00,
         3.67187500e+00,   3.33984375e+00,   3.62109375e+00,
         3.67187500e+00,   3.66796875e+00,   3.47656250e+00,
         3.68359375e+00,   3.58984375e+00,   3.94921875e+00,
         3.54296875e+00,   3.48828125e+00,   3.63281250e+00,
         3.87109375e+00,   3.45703125e+00,   3.70312500e+00,
         3.78515625e+00,   3.62500000e+00,   3.63281250e+00,
         3.61718750e+00,   3.59765625e+00,   3.58203125e+00,
         3.69921875e+00,   3.53515625e+00,   3.44921875e+00,
         3.53125000e+00,   3.44140625e+00,   3.82031250e+00,
         3.74218750e+00,   3.63281250e+00,   3.86718750e+00,
         3.64062500e+00,   3.65625000e+00,   3.56640625e+00,
         3.69921875e+00,   3.63671875e+00,   3.49609375e+00,
         3.85546875e+00,   3.27734375e+00,   3.52734375e+00,
         3.73437500e+00,   3.73828125e+00,   3.78125000e+00,
         3.49609375e+00,   3.39843750e+00,   3.49609375e+00,
         3.78125000e+00,   3.57031250e+00,   3.73437500e+00,
         3.77734375e+00,   3.79296875e+00,   3.65625000e+00,
         3.68750000e+00,   3.51953125e+00,   3.87890625e+00,
         3.51562500e+00,   3.60937500e+00,   3.66796875e+00,
         3.55468750e+00,   3.52734375e+00,   3.87890625e+00,
         3.68359375e+00,   3.45312500e+00,   3.48046875e+00,
         3.61328125e+00,   3.53515625e+00,   3.71093750e+00,
         3.65234375e+00,   3.64453125e+00,   3.59765625e+00,
         3.72265625e+00,   3.61328125e+00,   3.77343750e+00,
         3.81640625e+00,   3.63671875e+00,   3.57421875e+00,
         3.67968750e+00,   3.33593750e+00,   3.61718750e+00,
         3.67968750e+00,   3.41015625e+00,   3.50390625e+00,
         3.53515625e+00,   3.76562500e+00,   3.67578125e+00,
         3.82031250e+00,   3.56640625e+00,   3.63671875e+00,
         3.89453125e+00,   3.55859375e+00,   3.60937500e+00,
         3.87109375e+00,   3.33203125e+00,   3.53515625e+00,
         3.80078125e+00,   3.45312500e+00,   3.53906250e+00,
         3.73046875e+00,   3.40625000e+00,   3.71093750e+00,
         3.77734375e+00,   3.52343750e+00,   3.71875000e+00,
         3.67187500e+00,   3.69531250e+00,   3.75781250e+00,
         3.71093750e+00,   3.50781250e+00,   3.93750000e+00,
         3.70703125e+00,   3.53515625e+00,   3.47265625e+00,
         3.74218750e+00,   3.47265625e+00,   3.70703125e+00,
         3.75390625e+00,   3.23437500e+00,   3.79296875e+00,
         3.57812500e+00,   3.65234375e+00,   3.82421875e+00]), array([ 0.   ,  0.002,  0.004,  0.006,  0.008,  0.01 ,  0.012,  0.014,
        0.016,  0.018,  0.02 ,  0.022,  0.024,  0.026,  0.028,  0.03 ,
        0.032,  0.034,  0.036,  0.038,  0.04 ,  0.042,  0.044,  0.046,
        0.048,  0.05 ,  0.052,  0.054,  0.056,  0.058,  0.06 ,  0.062,
        0.064,  0.066,  0.068,  0.07 ,  0.072,  0.074,  0.076,  0.078,
        0.08 ,  0.082,  0.084,  0.086,  0.088,  0.09 ,  0.092,  0.094,
        0.096,  0.098,  0.1  ,  0.102,  0.104,  0.106,  0.108,  0.11 ,
        0.112,  0.114,  0.116,  0.118,  0.12 ,  0.122,  0.124,  0.126,
        0.128,  0.13 ,  0.132,  0.134,  0.136,  0.138,  0.14 ,  0.142,
        0.144,  0.146,  0.148,  0.15 ,  0.152,  0.154,  0.156,  0.158,
        0.16 ,  0.162,  0.164,  0.166,  0.168,  0.17 ,  0.172,  0.174,
        0.176,  0.178,  0.18 ,  0.182,  0.184,  0.186,  0.188,  0.19 ,
        0.192,  0.194,  0.196,  0.198,  0.2  ,  0.202,  0.204,  0.206,
        0.208,  0.21 ,  0.212,  0.214,  0.216,  0.218,  0.22 ,  0.222,
        0.224,  0.226,  0.228,  0.23 ,  0.232,  0.234,  0.236,  0.238,
        0.24 ,  0.242,  0.244,  0.246,  0.248,  0.25 ,  0.252,  0.254,
        0.256,  0.258,  0.26 ,  0.262,  0.264,  0.266,  0.268,  0.27 ,
        0.272,  0.274,  0.276,  0.278,  0.28 ,  0.282,  0.284,  0.286,
        0.288,  0.29 ,  0.292,  0.294,  0.296,  0.298,  0.3  ,  0.302,
        0.304,  0.306,  0.308,  0.31 ,  0.312,  0.314,  0.316,  0.318,
        0.32 ,  0.322,  0.324,  0.326,  0.328,  0.33 ,  0.332,  0.334,
        0.336,  0.338,  0.34 ,  0.342,  0.344,  0.346,  0.348,  0.35 ,
        0.352,  0.354,  0.356,  0.358,  0.36 ,  0.362,  0.364,  0.366,
        0.368,  0.37 ,  0.372,  0.374,  0.376,  0.378,  0.38 ,  0.382,
        0.384,  0.386,  0.388,  0.39 ,  0.392,  0.394,  0.396,  0.398,
        0.4  ,  0.402,  0.404,  0.406,  0.408,  0.41 ,  0.412,  0.414,
        0.416,  0.418,  0.42 ,  0.422,  0.424,  0.426,  0.428,  0.43 ,
        0.432,  0.434,  0.436,  0.438,  0.44 ,  0.442,  0.444,  0.446,
        0.448,  0.45 ,  0.452,  0.454,  0.456,  0.458,  0.46 ,  0.462,
        0.464,  0.466,  0.468,  0.47 ,  0.472,  0.474,  0.476,  0.478,
        0.48 ,  0.482,  0.484,  0.486,  0.488,  0.49 ,  0.492,  0.494,
        0.496,  0.498]), <a list of 249 Patch objects>)