(array([  1.80277344e+02,   4.12734375e+01,   5.75976562e+01,
         5.65859375e+01,   5.61875000e+01,   5.58593750e-01,
         0.00000000e+00,   0.00000000e+00,   0.00000000e+00,
         0.00000000e+00,   0.00000000e+00,   0.00000000e+00,
         0.00000000e+00,   0.00000000e+00,   0.00000000e+00,
         0.00000000e+00,   0.00000000e+00,   0.00000000e+00,
         0.00000000e+00,   2.34375000e-02,   4.14062500e-01,
         3.28515625e+00,   1.21484375e+01,   1.49375000e+01,
         1.17304688e+01,   7.10937500e+00,   4.02734375e+00,
         2.14843750e+00,   1.37890625e+00,   8.94531250e-01,
         6.56250000e-01,   7.18750000e-01,   1.00781250e+00,
         1.07812500e+00,   1.62109375e+00,   2.00000000e+00,
         2.92578125e+00,   3.96093750e+00,   5.41406250e+00,
         6.19140625e+00,   7.22656250e+00,   6.42968750e+00,
         6.12890625e+00,   4.53515625e+00,   3.69921875e+00,
         2.72656250e+00,   2.17968750e+00,   1.83593750e+00,
         1.77343750e+00,   2.01953125e+00,   2.28906250e+00,
         2.60156250e+00,   3.02734375e+00,   3.41406250e+00,
         4.00000000e+00,   4.58593750e+00,   4.70312500e+00,
         5.33203125e+00,   5.06640625e+00,   4.62500000e+00,
         4.30078125e+00,   3.44921875e+00,   3.37109375e+00,
         2.99609375e+00,   2.81250000e+00,   2.66796875e+00,
         2.62890625e+00,   2.91406250e+00,   3.05078125e+00,
         3.36718750e+00,   3.79296875e+00,   3.83203125e+00,
         3.99609375e+00,   4.26953125e+00,   4.25000000e+00,
         4.33593750e+00,   4.22265625e+00,   3.76562500e+00,
         3.85156250e+00,   3.48046875e+00,   3.25781250e+00,
         3.22656250e+00,   3.26171875e+00,   3.20312500e+00,
         3.25390625e+00,   3.24609375e+00,   3.35937500e+00,
         3.65625000e+00,   3.75000000e+00,   3.61718750e+00,
         4.14843750e+00,   4.16015625e+00,   3.85937500e+00,
         3.84765625e+00,   3.94921875e+00,   3.49609375e+00,
         3.52343750e+00,   3.44140625e+00,   3.42578125e+00,
         3.44531250e+00,   3.59375000e+00,   3.22656250e+00,
         3.38281250e+00,   3.51953125e+00,   3.53515625e+00,
         3.59375000e+00,   4.07421875e+00,   3.75390625e+00,
         3.75781250e+00,   3.91015625e+00,   3.78906250e+00,
         3.78515625e+00,   3.86718750e+00,   3.26953125e+00,
         3.36718750e+00,   3.64453125e+00,   3.48828125e+00,
         3.53125000e+00,   3.56640625e+00,   3.32812500e+00,
         3.51562500e+00,   3.73828125e+00,   3.55078125e+00,
         3.89062500e+00,   3.62500000e+00,   3.61328125e+00,
         3.65625000e+00,   3.59765625e+00,   3.83593750e+00,
         3.92187500e+00,   3.27734375e+00,   3.59375000e+00,
         3.39453125e+00,   3.66015625e+00,   3.51171875e+00,
         3.66406250e+00,   3.66796875e+00,   3.69921875e+00,
         3.58984375e+00,   3.61718750e+00,   3.49609375e+00,
         3.78125000e+00,   3.59765625e+00,   3.79296875e+00,
         3.78906250e+00,   3.62109375e+00,   3.65234375e+00,
         3.52343750e+00,   3.45312500e+00,   3.53515625e+00,
         3.64453125e+00,   3.39062500e+00,   3.61718750e+00,
         3.69140625e+00,   3.40234375e+00,   3.61328125e+00,
         3.78515625e+00,   3.48828125e+00,   3.75000000e+00,
         3.54296875e+00,   3.47265625e+00,   3.79687500e+00,
         3.69140625e+00,   3.75000000e+00,   3.63281250e+00,
         3.52734375e+00,   3.51953125e+00,   3.57031250e+00,
         3.74218750e+00,   3.42187500e+00,   3.46093750e+00,
         3.48828125e+00,   3.51562500e+00,   3.87500000e+00,
         3.63671875e+00,   3.62890625e+00,   3.92187500e+00,
         3.80859375e+00,   3.58203125e+00,   3.45703125e+00,
         3.41015625e+00,   3.64843750e+00,   3.47656250e+00,
         3.62890625e+00,   3.48046875e+00,   3.44921875e+00,
         3.58984375e+00,   3.65234375e+00,   3.68750000e+00,
         3.80859375e+00,   3.75781250e+00,   3.75781250e+00,
         3.75000000e+00,   3.54296875e+00,   3.56250000e+00,
         3.57031250e+00,   3.56640625e+00,   3.50390625e+00,
         3.59765625e+00,   3.50000000e+00,   3.59375000e+00,
         3.82812500e+00,   3.68359375e+00,   3.43750000e+00,
         3.61718750e+00,   3.73437500e+00,   3.78125000e+00,
         3.74218750e+00,   3.53515625e+00,   3.69140625e+00,
         3.54296875e+00,   3.47656250e+00,   3.51171875e+00,
         3.65234375e+00,   3.39453125e+00,   3.48437500e+00,
         3.71875000e+00,   3.68359375e+00,   3.50781250e+00,
         3.88671875e+00,   3.40625000e+00,   3.69140625e+00,
         3.73437500e+00,   3.58984375e+00,   3.64843750e+00,
         3.75390625e+00,   3.31640625e+00,   3.57812500e+00,
         3.68750000e+00,   3.60546875e+00,   3.80468750e+00,
         3.73828125e+00,   3.49218750e+00,   3.54687500e+00,
         3.73828125e+00,   3.48828125e+00,   3.69531250e+00,
         3.74218750e+00,   3.53906250e+00,   3.66015625e+00,
         3.65234375e+00,   3.34765625e+00,   3.72265625e+00,
         3.71484375e+00,   3.40234375e+00,   3.49609375e+00,
         3.73828125e+00,   3.58593750e+00,   3.89453125e+00]), array([ 0.   ,  0.002,  0.004,  0.006,  0.008,  0.01 ,  0.012,  0.014,
        0.016,  0.018,  0.02 ,  0.022,  0.024,  0.026,  0.028,  0.03 ,
        0.032,  0.034,  0.036,  0.038,  0.04 ,  0.042,  0.044,  0.046,
        0.048,  0.05 ,  0.052,  0.054,  0.056,  0.058,  0.06 ,  0.062,
        0.064,  0.066,  0.068,  0.07 ,  0.072,  0.074,  0.076,  0.078,
        0.08 ,  0.082,  0.084,  0.086,  0.088,  0.09 ,  0.092,  0.094,
        0.096,  0.098,  0.1  ,  0.102,  0.104,  0.106,  0.108,  0.11 ,
        0.112,  0.114,  0.116,  0.118,  0.12 ,  0.122,  0.124,  0.126,
        0.128,  0.13 ,  0.132,  0.134,  0.136,  0.138,  0.14 ,  0.142,
        0.144,  0.146,  0.148,  0.15 ,  0.152,  0.154,  0.156,  0.158,
        0.16 ,  0.162,  0.164,  0.166,  0.168,  0.17 ,  0.172,  0.174,
        0.176,  0.178,  0.18 ,  0.182,  0.184,  0.186,  0.188,  0.19 ,
        0.192,  0.194,  0.196,  0.198,  0.2  ,  0.202,  0.204,  0.206,
        0.208,  0.21 ,  0.212,  0.214,  0.216,  0.218,  0.22 ,  0.222,
        0.224,  0.226,  0.228,  0.23 ,  0.232,  0.234,  0.236,  0.238,
        0.24 ,  0.242,  0.244,  0.246,  0.248,  0.25 ,  0.252,  0.254,
        0.256,  0.258,  0.26 ,  0.262,  0.264,  0.266,  0.268,  0.27 ,
        0.272,  0.274,  0.276,  0.278,  0.28 ,  0.282,  0.284,  0.286,
        0.288,  0.29 ,  0.292,  0.294,  0.296,  0.298,  0.3  ,  0.302,
        0.304,  0.306,  0.308,  0.31 ,  0.312,  0.314,  0.316,  0.318,
        0.32 ,  0.322,  0.324,  0.326,  0.328,  0.33 ,  0.332,  0.334,
        0.336,  0.338,  0.34 ,  0.342,  0.344,  0.346,  0.348,  0.35 ,
        0.352,  0.354,  0.356,  0.358,  0.36 ,  0.362,  0.364,  0.366,
        0.368,  0.37 ,  0.372,  0.374,  0.376,  0.378,  0.38 ,  0.382,
        0.384,  0.386,  0.388,  0.39 ,  0.392,  0.394,  0.396,  0.398,
        0.4  ,  0.402,  0.404,  0.406,  0.408,  0.41 ,  0.412,  0.414,
        0.416,  0.418,  0.42 ,  0.422,  0.424,  0.426,  0.428,  0.43 ,
        0.432,  0.434,  0.436,  0.438,  0.44 ,  0.442,  0.444,  0.446,
        0.448,  0.45 ,  0.452,  0.454,  0.456,  0.458,  0.46 ,  0.462,
        0.464,  0.466,  0.468,  0.47 ,  0.472,  0.474,  0.476,  0.478,
        0.48 ,  0.482,  0.484,  0.486,  0.488,  0.49 ,  0.492,  0.494,
        0.496,  0.498]), <a list of 249 Patch objects>)